J 8 8 4 20001 4 20003 2000C 20001 1 11
J 8 8 4 20001 4 20003 2000C 20001 1 12
J 8 8 4 20001 4 20003 2000C 20001 1 20003
J 8 8 6 20001 7 A 20006 1 2 20028
J 8 8 6 20001 7 A 20006 1 2 20029
J 8 8 6 20001 7 A 20006 1 2 2002A
J 8 8 6 20001 7 A 20006 1 2 40003
J 8 8 6 20001 7 A 20006 1 2 40008
J 8 8 6 20001 7 A 20006 1 2 4000B
J 8 8 6 20001 7 A 20006 1 2 40010
J 8 8 6 20001 7 A 20006 1 2 40013
J 8 8 6 20001 7 A 20006 1 2 40016
J 8 8 6 20001 7 A 20006 1 2 40017
J 8 8 4 20001 4 20003 2000C 20001 1 20007
J 8 8 6 20001 7 A 20006 1 2 4001D
J 8 8 6 20001 7 A 20006 1 2 4001F
J 8 8 6 20001 7 A 20006 1 2 40020
J 8 8 6 20001 7 A 20006 1 2 40021
J 8 8 6 20001 7 A 20006 1 2 40022
J 8 8 6 20001 7 A 20006 1 2 40026
J 8 8 6 20001 7 A 20006 1 2 40029
J 8 8 6 20001 7 A 20006 1 2 4002A
J 8 8 6 20001 7 A 20006 20001 1 F
J 8 8 6 20001 7 A 20006 20001 1 10
J 8 8 4 20001 4 20003 2000C 20001 1 2000D
J 8 8 6 20001 7 A 20006 20001 1 12
J 8 8 6 20001 7 A 20006 20001 1 14
J 8 8 6 20001 7 A 20006 20001 1 17
J 8 8 6 20001 7 A 20006 20001 1 18
J 8 8 6 20001 7 A 20006 20001 1 1A
J 8 8 6 20001 7 A 20006 20001 1 1B
J 8 8 6 20001 7 A 20006 20001 1 1C
J 8 8 6 20001 7 A 20006 20001 1 1E
J 8 8 6 20001 7 A 20006 20001 1 1F
J 8 8 6 20001 7 A 20006 20001 1 20
J 8 8 4 20001 4 20003 2000C 20001 1 2000E
J 8 8 6 20001 7 A 20006 20001 1 21
J 8 8 6 20001 7 A 20006 20001 1 22
J 8 8 6 20001 7 A 20006 20001 1 23
J 8 8 6 20001 7 A 20006 20001 1 24
J 8 8 6 20001 7 A 20006 20001 1 20002
J 8 8 6 20001 7 A 20006 20001 1 20003
J 8 8 6 20001 7 A 20006 20001 1 20006
J 8 8 6 20001 7 A 20006 20001 1 20009
J 8 8 6 20001 7 A 20006 20001 1 2000E
J 8 8 6 20001 7 A 20006 20001 1 20010
J 8 8 4 20001 4 20003 2000C 20001 1 20011
J 8 8 6 20001 7 A 20006 20001 1 20012
J 8 8 6 20001 7 A 20006 20001 1 2001A
J 8 8 6 20001 7 A 20006 20001 1 2001C
J 8 8 6 20001 7 A 20006 20001 1 2001E
J 8 8 6 20001 7 A 20006 20001 1 2001F
J 8 8 6 20001 7 A 20006 20001 1 20020
J 8 8 6 20001 7 A 20006 20001 1 20021
J 8 8 6 20001 7 A 20006 20001 1 20024
J 8 8 6 20001 7 20001 20001 1 2 15
J 8 8 6 20001 7 20001 20001 1 2 17
J 8 8 4 20001 4 20003 2000C 20001 1 20014
J 8 8 6 20001 7 20001 20001 1 2 18
J 8 8 6 20001 7 20001 20001 1 2 19
J 8 8 6 20001 7 20001 20001 1 2 1A
J 8 8 6 20001 7 20001 20001 1 2 1C
J 8 8 6 20001 7 20001 20001 1 2 1D
J 8 8 6 20001 7 20001 20001 1 2 1E
J 8 8 6 20001 7 20001 20001 1 2 20003
J 8 8 6 20001 7 20001 20001 1 2 20006
J 8 8 6 20001 7 20001 20001 1 2 20009
J 8 8 6 20001 7 20001 20001 1 2 2000B
J 8 8 4 20001 4 20003 2000C 20001 1 20015
J 8 8 6 20001 7 20001 20001 1 2 2000C
J 8 8 6 20001 7 20001 20001 1 2 2000F
J 8 8 6 20001 7 20001 20001 1 2 20010
J 8 8 6 20001 7 20001 20001 1 2 20013
J 8 8 6 20001 7 20001 20001 1 2 20014
J 8 8 6 20001 7 20001 20001 1 2 20015
J 8 8 6 20001 7 20001 20001 1 2 20017
J 8 8 6 20001 7 20001 20001 1 2 20018
J 8 8 6 20001 7 20001 20001 1 2 20019
J 8 8 6 20001 7 20001 20001 1 2 2001A
J 8 8 4 20001 4 20003 2000C 20001 1 20018
J 8 8 6 20001 7 20001 20001 1 2 2001C
J 8 8 6 20001 7 20001 20001 1 2 2001D
J 8 8 6 20001 7 20001 20001 1 2 2001E
J 8 8 4 20001 4 3 20008 20001 1 D
J 8 8 4 20001 4 3 20008 20001 1 E
J 8 8 4 20001 4 3 20008 20001 1 F
J 8 8 4 20001 4 3 20008 20001 1 10
J 8 8 4 20001 4 3 20008 20001 1 13
J 8 8 4 20001 4 3 20008 20001 1 14
J 8 8 4 20001 4 3 20008 20001 1 17
J 8 8 4 20001 4 20003 2000C 20001 1 2001A
J 8 8 4 20001 4 3 20008 20001 1 19
J 8 8 4 20001 4 3 20008 20001 1 1A
J 8 8 4 20001 4 3 20008 20001 1 1B
J 8 8 4 20001 4 3 20008 20001 1 1C
J 8 8 4 20001 4 3 20008 20001 1 1D
J 8 8 4 20001 4 3 20008 20001 1 1E
J 8 8 4 20001 4 3 20008 20001 1 20
J 8 8 4 20001 4 3 20008 20001 1 21
J 8 8 4 20001 4 3 20008 20001 1 22
J 8 8 4 20001 4 3 20008 20001 1 23
J 8 8 4 20001 4 20003 2000C 20001 1 2001B
J 8 8 4 20001 4 3 20008 20001 1 20005
J 8 8 4 20001 4 3 20008 20001 1 20007
J 8 8 4 20001 4 3 20008 20001 1 2000A
J 8 8 4 20001 4 3 20008 20001 1 2000B
J 8 8 4 20001 4 3 20008 20001 1 2000D
J 8 8 4 20001 4 3 20008 20001 1 2000E
J 8 8 4 20001 4 3 20008 20001 1 2000F
J 8 8 4 20001 4 3 20008 20001 1 20010
J 8 8 4 20001 4 3 20008 20001 1 20013
J 8 8 4 20001 4 3 20008 20001 1 20014
J 8 8 4 20001 4 20003 2000C 20001 1 14
J 8 8 4 20001 4 20003 2000C 20001 1 2001C
J 8 8 4 20001 4 3 20008 20001 1 20017
J 8 8 4 20001 4 3 20008 20001 1 20019
J 8 8 4 20001 4 3 20008 20001 1 2001A
J 8 8 4 20001 4 3 20008 20001 1 2001B
J 8 8 4 20001 4 3 20008 20001 1 2001C
J 8 8 4 20001 4 3 20008 20001 1 2001D
J 8 8 4 20001 4 3 20008 20001 1 2001E
J 8 8 4 20001 4 3 20008 20001 1 20020
J 8 8 4 20001 4 3 20008 20001 1 20022
J 8 8 4 20001 4 3 20008 20001 1 20023
J 8 8 4 20001 20004 3 2000B 20001 1 23
J 8 8 4 20001 4 3 20008 20001 1 40005
J 8 8 4 20001 4 3 20008 20001 1 4000D
J 8 8 4 20001 4 3 20008 20001 1 4000E
J 8 8 4 20001 4 3 20008 20001 1 4000F
J 8 8 4 20001 4 3 20008 20001 1 40013
J 8 8 4 20001 4 3 20008 20001 1 40014
J 8 8 4 20001 4 3 20008 20001 1 40019
J 8 8 4 20001 4 3 20008 20001 1 4001A
J 8 8 4 20001 4 3 20008 20001 1 4001C
J 8 8 4 20001 4 3 20008 20001 1 4001D
J 8 8 4 20001 20004 3 2000B 20001 1 24
J 8 8 4 20001 4 3 20008 20001 1 4001E
J 8 8 4 20001 4 3 20008 20001 1 40020
J 8 8 4 20001 4 3 20008 20001 1 40022
J 8 8 4 20001 4 3 20008 20001 1 40023
J 8 8 4 20001 4 3 20008 20001 20001 1
J 8 8 4 20001 4 3 20008 20001 20001 5
J 8 8 4 20001 4 3 20008 20001 20001 7
J 8 8 4 20001 4 3 20008 20001 20001 A
J 8 8 4 20001 4 3 20008 20001 20001 B
J 8 8 4 20001 4 3 20008 20001 20001 D
J 8 8 4 20001 20004 3 2000B 20001 1 26
J 8 8 4 20001 4 3 20008 20001 20001 E
J 8 8 4 20001 4 3 20008 20001 20001 F
J 8 8 4 20001 4 3 20008 20001 20001 10
J 8 8 4 20001 4 3 20008 20001 20001 13
J 8 8 4 20001 4 3 20008 20001 20001 14
J 8 8 4 20001 4 3 20008 20001 20001 17
J 8 8 4 20001 4 3 20008 20001 20001 19
J 8 8 4 20001 4 3 20008 20001 20001 1A
J 8 8 4 20001 4 3 20008 20001 20001 1B
J 8 8 4 20001 4 3 20008 20001 20001 1C
J 8 8 4 20001 20004 3 2000B 20001 1 27
J 8 8 4 20001 4 3 20008 20001 20001 1D
J 8 8 4 20001 4 3 20008 20001 20001 1E
J 8 8 4 20001 4 3 20008 20001 20001 20
J 8 8 4 20001 4 3 20008 20001 20001 21
J 8 8 4 20001 4 3 20008 20001 20001 22
J 8 8 4 20001 4 3 20008 20001 20001 23
J 8 8 4 20001 4 3 20008 20001 20001 25
J 8 8 4 20001 4 3 20008 20001 20001 26
J 8 8 4 20001 4 3 20008 20001 20001 27
J 8 8 4 20001 4 3 20008 20001 20001 20001
J 8 8 4 20001 20004 3 2000B 20001 1 28
J 8 8 4 20001 4 3 20008 20001 20001 20005
J 8 8 4 20001 4 3 20008 20001 20001 2000D
J 8 8 4 20001 4 3 20008 20001 20001 2000E
J 8 8 4 20001 4 3 20008 20001 20001 2000F
J 8 8 4 20001 4 3 20008 20001 20001 20010
J 8 8 4 20001 4 3 20008 20001 20001 20013
J 8 8 4 20001 4 3 20008 20001 20001 20014
J 8 8 4 20001 4 3 20008 20001 20001 20019
J 8 8 4 20001 4 3 20008 20001 20001 2001A
J 8 8 4 20001 4 3 20008 20001 20001 2001C
J 8 8 4 20001 20004 3 2000B 20001 1 29
J 8 8 4 20001 4 3 20008 20001 20001 2001D
J 8 8 4 20001 4 3 20008 20001 20001 2001E
J 8 8 4 20001 4 3 20008 20001 20001 20020
J 8 8 4 20001 4 3 20008 20001 20001 20021
J 8 8 4 20001 4 3 20008 20001 20001 20022
J 8 8 4 20001 4 3 20008 20001 20001 20023
J 8 8 4 20001 4 3 20008 20001 20001 20025
J 8 8 4 20001 4 3 20008 20001 20001 20026
J 8 8 4 20001 4 3 20008 40001 1 14
J 8 8 4 20001 4 3 20008 40001 1 17
J 8 8 4 20001 20004 3 2000B 20001 1 2B
J 8 8 4 20001 4 3 20008 40001 1 18
J 8 8 4 20001 4 3 20008 40001 1 19
J 8 8 4 20001 4 3 20008 40001 1 1A
J 8 8 4 20001 4 3 20008 40001 1 1D
J 8 8 4 20001 4 3 20008 40001 1 1F
J 8 8 4 20001 4 3 20008 40001 1 20
J 8 8 4 20001 4 3 20008 40001 1 21
J 8 8 4 20001 4 3 20008 40001 1 22
J 8 8 4 20001 4 3 20008 40001 1 23
J 8 8 4 20001 4 3 20008 40001 1 24
J 8 8 4 20001 20004 3 2000B 20001 1 2D
J 8 8 4 20001 4 3 20008 40001 1 25
J 8 8 4 20001 4 3 20008 40001 1 26
J 8 8 4 20001 4 3 20008 40001 1 27
J 8 8 4 20001 4 3 20008 40001 1 28
J 8 8 4 20001 4 3 20008 40001 1 2A
J 8 8 4 20001 4 3 20008 40001 1 2B
J 8 8 4 20001 4 3 20008 40001 1 2C
J 8 8 4 20001 4 3 20008 40001 1 2D
J 8 8 4 20001 4 3 20008 40001 1 2E
J 8 8 4 20001 4 3 20008 40001 1 2F
J 8 8 4 20001 20004 3 2000B 20001 1 2E
J 8 8 4 20001 4 3 20008 40001 1 30
J 8 8 4 20001 4 3 20008 40001 1 31
J 8 8 4 20001 4 3 20008 40001 1 33
J 8 8 4 20001 4 3 20008 40001 1 34
J 8 8 4 20001 4 3 20008 40001 1 36
J 8 8 4 20001 4 3 20008 40001 1 20005
J 8 8 4 20001 4 3 20008 40001 1 20008
J 8 8 4 20001 4 3 20008 40001 1 2000F
J 8 8 4 20001 4 3 20008 40001 1 20010
J 8 8 4 20001 4 3 20008 40001 1 20011
J 8 8 4 20001 4 20003 2000C 20001 1 15
J 8 8 4 20001 20004 3 2000B 20001 1 20006
J 8 8 4 20001 4 3 20008 40001 1 20012
J 8 8 4 20001 4 3 20008 40001 1 20013
J 8 8 4 20001 4 3 20008 40001 1 20014
J 8 8 4 20001 4 3 20008 40001 1 20017
J 8 8 4 20001 4 3 20008 40001 1 20018
J 8 8 4 20001 4 3 20008 40001 1 20019
J 8 8 4 20001 4 3 20008 40001 1 2001F
J 8 8 4 20001 4 3 20008 40001 1 20020
J 8 8 4 20001 4 3 20008 40001 1 20021
J 8 8 4 20001 4 3 20008 40001 1 20022
J 8 8 4 20001 20004 3 2000B 20001 1 20010
J 8 8 4 20001 4 3 20008 40001 1 20024
J 8 8 4 20001 4 3 20008 40001 1 20025
J 8 8 4 20001 4 3 20008 40001 1 20026
J 8 8 4 20001 4 3 20008 40001 1 20027
J 8 8 4 20001 4 3 20008 40001 1 20028
J 8 8 4 20001 4 3 20008 40001 1 2002A
J 8 8 4 20001 4 3 20008 40001 1 2002B
J 8 8 4 20001 4 3 20008 40001 1 2002C
J 8 8 4 20001 4 3 20008 40001 1 2002E
J 8 8 4 20001 4 3 20008 40001 1 2002F
J 8 8 4 20001 20004 3 2000B 20001 1 20011
J 8 8 4 20001 4 3 20008 40001 1 20030
J 8 8 4 20001 4 3 20008 40001 1 20031
J 8 8 4 20001 4 3 40008 15 19 20010
J 8 8 4 20001 4 3 40008 15 19 20013
J 8 8 4 20001 4 3 40008 15 19 20014
J 8 8 4 20001 4 3 40008 15 19 20018
J 8 8 4 20001 4 3 40008 15 19 2001C
J 8 8 4 20001 4 3 40008 15 19 20020
J 8 8 4 20001 4 3 40008 15 19 20023
J 8 8 4 20001 4 3 40008 15 19 40013
J 8 8 4 20001 20004 3 2000B 20001 1 20013
J 8 8 4 20001 4 3 40008 20001 1 13
J 8 8 4 20001 4 3 40008 20001 1 14
J 8 8 4 20001 4 3 40008 20001 1 17
J 8 8 4 20001 4 3 40008 20001 1 18
J 8 8 4 20001 4 3 40008 20001 1 19
J 8 8 4 20001 4 3 40008 20001 1 1A
J 8 8 4 20001 4 3 40008 20001 1 1D
J 8 8 4 20001 4 3 40008 20001 1 1E
J 8 8 4 20001 4 3 40008 20001 1 1F
J 8 8 4 20001 4 3 40008 20001 1 21
J 8 8 4 20001 20004 3 2000B 20001 1 20015
J 8 8 4 20001 4 3 40008 20001 1 22
J 8 8 4 20001 4 3 40008 20001 1 23
J 8 8 4 20001 4 3 40008 20001 1 24
J 8 8 4 20001 4 3 40008 20001 1 25
J 8 8 4 20001 4 3 40008 20001 1 26
J 8 8 4 20001 4 3 40008 20001 1 27
J 8 8 4 20001 4 3 40008 20001 1 28
J 8 8 4 20001 4 3 40008 20001 1 2A
J 8 8 4 20001 4 3 40008 20001 1 2B
J 8 8 4 20001 4 3 40008 20001 1 2C
J 8 8 4 20001 20004 3 2000B 20001 1 20018
J 8 8 4 20001 4 3 40008 20001 1 2F
J 8 8 4 20001 4 3 40008 20001 1 30
J 8 8 4 20001 4 3 40008 20001 1 31
J 8 8 4 20001 4 3 40008 20001 1 33
J 8 8 4 20001 4 3 40008 20001 1 34
J 8 8 4 20001 4 3 40008 20001 1 35
J 8 8 4 20001 4 3 40008 20001 1 36
J 8 8 4 20001 4 3 40008 20001 1 20005
J 8 8 4 20001 4 3 40008 20001 1 20006
J 8 8 4 20001 4 3 40008 20001 1 20007
J 8 8 4 20001 20004 3 2000B 20001 1 2001E
J 8 8 4 20001 4 3 40008 20001 1 2000F
J 8 8 4 20001 4 3 40008 20001 1 20011
J 8 8 4 20001 4 3 40008 20001 1 20012
J 8 8 4 20001 4 3 40008 20001 1 20014
J 8 8 4 20001 4 3 40008 20001 1 20018
J 8 8 4 20001 4 3 40008 20001 1 2001A
J 8 8 4 20001 4 3 40008 20001 1 2001E
J 8 8 4 20001 4 3 40008 20001 1 20021
J 8 8 4 20001 4 3 40008 20001 1 20022
J 8 8 4 20001 4 3 40008 20001 1 20024
J 8 8 4 20001 20004 3 2000B 20001 1 20022
J 8 8 4 20001 4 3 40008 20001 1 20026
J 8 8 4 20001 4 3 40008 20001 1 20027
J 8 8 4 20001 4 3 40008 20001 1 2002C
J 8 8 4 20001 4 3 40008 20001 1 20030
J 8 8 4 20001 4 3 40008 20001 1 20031
J 8 8 4 20001 4 3 40008 20001 1 20033
J 8 8 4 20001 4 3 40008 20001 1 20034
J 8 8 4 20001 4 3 40008 20001 1 20035
J 8 8 4 20001 4 3 40008 20001 1 20036
J 8 8 4 20001 4 20001 20001 1 5 20012
J 8 8 4 20001 20004 3 2000B 20001 1 20023
J 8 8 4 20001 4 20001 20001 1 5 20017
J 8 8 4 20001 4 20001 20001 1 5 20018
J 8 8 4 20001 4 20001 20001 1 5 20019
J 8 8 4 20001 4 20001 20001 1 5 2001A
J 8 8 4 20001 4 20001 20001 1 5 2001C
J 8 8 4 20001 4 20001 20001 1 5 2001D
J 8 8 4 20001 4 20001 20001 1 5 2001E
J 8 8 4 20001 4 20001 20001 1 5 40004
J 8 8 4 20001 4 20001 20001 1 5 40006
J 8 8 4 20001 4 20001 20001 1 5 4000A
J 8 8 4 20001 20004 3 2000B 20001 1 20027
J 8 8 4 20001 4 20001 20001 1 5 4000B
J 8 8 4 20001 4 20001 20001 1 5 4000C
J 8 8 4 20001 4 20001 20001 1 5 4000E
J 8 8 4 20001 4 20001 20001 1 5 40010
J 8 8 4 20001 4 20001 20001 1 5 40012
J 8 8 4 20001 4 20001 20001 1 5 40017
J 8 8 4 20001 4 20001 20001 1 5 40018
J 8 8 4 20001 4 20001 20001 1 5 40019
J 8 8 4 20001 4 20001 20001 1 5 4001A
J 8 8 4 20001 4 20001 20001 1 5 4001C
J 8 8 4 20001 4 20003 2000C 20001 1 17
J 8 8 4 20001 20004 3 2000B 20001 1 20028
J 8 8 4 20001 4 20001 20001 1 5 4001D
J 8 8 4 20001 4 20001 20001 1 5 4001E
J 8 8 4 20001 20004 3 2000B 20001 1 2002B
J 8 8 4 20001 20004 3 2000B 20001 1 2002D
J 8 8 4 20001 20004 3 2000B 20001 1 2002E
J 8 8 4 40001 6 5 2000E 20001 1 1E
J 8 8 4 40001 6 5 2000E 20001 1 20004
J 8 8 4 40001 6 5 2000E 20001 1 20007
J 8 8 4 40001 6 5 2000E 20001 1 2000F
J 8 8 4 40001 6 5 2000E 20001 1 20016
J 8 8 4 40001 6 5 2000E 20001 1 2001D
J 8 8 4 20001 4 20003 2000C 20001 1 18
J 8 8 4 40001 6 5 2000E 20001 1 2001E
J 8 8 4 40001 6 20001 20001 1 B 2003E
J 8 8 4 40001 6 20001 20001 1 B 2003F
J 8 8 4 40001 6 20001 20001 1 B 20040
J 8 8 6 20001 7 2 20013 20002 2 8
J 8 8 6 20001 7 2 20013 20002 2 A
J 8 8 6 20001 7 2 20013 20002 2 C
J 8 8 6 20001 7 2 20013 20002 2 D
J 8 8 6 20001 7 2 20013 20002 2 E
J 8 8 6 20001 7 2 20013 20002 2 F
J 8 8 4 20001 4 20003 2000C 20001 1 1A
J 8 8 6 20001 7 2 20013 20002 2 11
J 8 8 6 20001 7 2 20013 20002 2 12
J 8 8 6 20001 7 2 20013 20002 2 13
J 8 8 6 20001 7 2 20013 20002 2 14
J 8 8 6 20001 7 2 20013 20002 2 15
J 8 8 6 20001 7 2 20013 20002 2 18
J 8 8 6 20001 7 2 20013 20002 2 19
J 8 8 6 20001 7 2 20013 20002 2 1A
J 8 8 6 20001 7 2 20013 20002 2 1C
J 8 8 6 20001 7 2 20013 20002 2 1D
J 8 8 4 20001 4 20003 2000C 20001 1 1B
J 8 8 6 20001 7 2 20013 20002 2 1E
J 8 8 6 20001 7 2 20013 20002 2 1F
J 8 8 6 20001 7 2 20013 20002 2 20
J 8 8 6 20001 7 2 20013 20002 2 21
J 8 8 6 20001 7 2 20013 20002 2 22
J 8 8 6 20001 7 2 20013 20002 2 20001
J 8 8 6 20001 7 2 20013 20002 2 20008
J 8 8 6 20001 7 2 20013 20002 2 2000F
J 8 8 6 20001 7 2 20013 20002 2 20011
J 8 8 6 20001 7 2 20013 20002 2 20012
J 8 8 4 20001 4 20003 2000C 20001 1 1C
J 8 8 6 20001 7 2 20013 20002 2 20013
J 8 8 6 20001 7 2 20013 20002 2 20015
J 8 8 6 20001 7 2 20013 20002 2 20018
J 8 8 6 20001 7 2 20013 20002 2 20019
J 8 8 6 20001 7 2 20013 20002 2 2001A
J 8 8 6 20001 7 2 20013 20002 2 2001D
J 8 8 6 20001 7 2 20013 20002 2 2001E
J 8 8 6 20001 7 2 20013 20002 2 2001F
J 8 8 6 20001 7 2 20013 20002 2 20020
J 8 8 6 20001 7 2 20013 20002 2 20021
J 8 8 4 20001 4 20003 2000C 20001 1 1D
J 8 8 6 20001 7 A 20006 1 2 2001A
J 8 8 6 20001 7 A 20006 1 2 2001B
J 8 8 6 20001 7 A 20006 1 2 2001D
J 8 8 6 20001 7 A 20006 1 2 2001F
J 8 8 6 20001 7 A 20006 1 2 20020
J 8 8 6 20001 7 A 20006 1 2 20021
J 8 8 6 20001 7 A 20006 1 2 20022
J 8 8 6 20001 7 A 20006 1 2 20023
J 8 8 6 20001 7 A 20006 1 2 20024
J 8 8 6 20001 7 A 20006 1 2 20026
