P 9 16 4 20001 4 3 20008 F 11 20001 20001 1 E 18 E 1E 10 30
P 9 12 4 20001 4 3 20008 F 11 40001 1 10 30 20011
P 9 13 6 20001 7 2 20013 20002 2 1 20 37 32 40 3F
P 9 11 4 20001 4 3 20008 40001 20001 1 31 4C 2C
P 9 12 4 20001 4 3 20008 40001 20001 5 11 27 1D 29
P 9 12 4 20001 4 3 20008 40001 20001 18 8 2F 25 16
P 9 11 4 20001 4 3 20008 40001 20001 18 25 44 27
P 9 11 4 20001 4 3 20008 40001 20001 2C 11 47 31
P 9 12 4 20001 4 3 20008 40001 20001 2D 12 3B 2A 44
P 9 13 4 20001 4 3 40008 1 20007 11 30 20006 12 17 2A
P 9 15 4 20001 4 3 40008 15 19 20001 1 12 24 F 21 2F 33
P 9 13 4 20001 4 3 40008 15 19 20010 14 1 1E F 40
P 9 13 4 20001 4 3 40008 20001 1 5 24 F 21 27 28
P 9 13 4 20001 4 3 20008 20001 1 F 22 20026 6 21 1A
P 9 14 4 20001 4 3 40008 20001 1 7 11 13 2B 23 6 21
P 9 10 4 20001 4 3 40008 20001 1 7 26 24
P 9 13 4 20001 4 3 40008 20001 1 14 C 2B 13 24 21
P 9 11 4 20001 4 3 40008 20001 1 14 11 1E 20021
P 9 12 4 20001 4 3 40008 20001 1 14 1E 24 11 23
P 9 14 4 20001 4 3 40008 20001 1 14 21 12 20030 3A 38 12
P 9 10 4 20001 4 3 40008 20001 1 14 22 36
P 9 14 4 20001 4 3 40008 20001 1 24 F 28 20013 3B 33 29
P 9 13 4 20001 4 3 40008 20001 1 26 11 23 27 12 6
P 9 12 4 20001 4 3 40008 20001 1 27 12 20024 1A 1E
P 9 12 4 20001 4 3 20008 20001 1 10 A 24 2001B 22
P 9 11 4 20001 4 3 40008 20001 1 28 13 2E 3B
P 9 13 4 20001 4 3 40008 20001 1 20005 5 2C 7 13 29
P 9 13 4 20001 4 3 40008 20001 1 20005 2C 31 16 14 3B
P 9 12 4 20001 4 3 40008 20001 1 20007 7 14 2A 29
P 9 12 4 20001 4 3 40008 20001 1 20007 13 38 49 2C
P 9 12 4 20001 4 3 40008 20001 1 20011 14 3A 3B 33
P 9 14 4 20001 4 3 40008 20001 1 20012 15 3B 6 38 3A 29
P 9 14 4 20001 4 3 40008 20001 1 20014 18 17 3E 2D 2F 36
P 9 13 4 20001 4 3 40008 20001 20001 7 11 30 10 21 28
P 9 13 4 20001 4 3 40008 20001 20001 27 14 57 8 54 4B
P 9 13 4 20001 4 3 20008 20001 1 10 19 20004 2A 20 13
P 9 13 4 20001 4 3 40008 20010 14 1 1E F 21 20007 13
P 9 13 4 20001 4 3 40008 20010 14 7 11 30 28 10 20021
P 9 11 4 20001 4 3 40008 20010 14 11 30 2002E 56
P 9 11 4 20001 4 3 40008 20010 14 1E 5 1D 4
P 9 12 4 20001 4 3 40008 20010 14 1E F 2E 21 6
P 9 13 4 20001 4 3 40008 20010 14 20001 24 2C 2E 16 51
P 9 11 6 20001 7 A 20006 20001 20001 1 12 29 25
P 9 10 6 20001 7 A 20006 20002 2 12 27 3E
P 9 14 6 20001 7 A 20006 20002 2 1D 17 28 2E 32 37 3
P 9 14 6 20001 7 A 20006 20002 2 1D 2C 25 30 37 1D 32
P 9 10 4 20001 4 3 20008 20001 1 10 1A 20023
P 9 12 6 20001 7 A 20006 40001 1 19 12 49 45 2D
P 9 14 4 20001 4 20001 20001 1 5 2000C 28 27 A 38 9 2A
P 9 11 4 20001 4 20001 20001 1 5 20018 28 38 2003D
P 9 11 4 20001 4 20001 20001 1 20005 B 20 2003B 14
P 9 13 4 20001 4 20001 20001 20001 1 5 18 1C 20038 4E 15
P 9 13 4 20001 4 20001 20001 20001 1 20005 B 18 20 11 51
P 9 12 4 20001 4 20003 2000C 1 20007 11 30 32 20037 43
P 9 13 4 20001 4 20003 2000C 20001 1 3 F 2D F 31 40
P 9 14 4 20001 4 20003 2000C 20001 1 3 26 16 2B 2F 27 30
P 9 13 4 20001 4 20003 2000C 20001 1 3 27 30 F 3B 39
P 9 11 4 20001 4 3 20008 20001 1 10 2000A 3A 39
P 9 13 4 20001 4 20003 2000C 20001 1 3 28 13 37 8 35
P 9 13 4 20001 4 20003 2000C 20001 1 7 11 23 27 16 2C
P 9 12 4 20001 4 20003 2000C 20001 1 7 26 2F F 38
P 9 13 4 20001 4 20003 2000C 20001 1 D 28 21 22 13 39
P 9 11 4 20001 4 20003 2000C 20001 1 E 31 20018 41
P 9 13 4 20001 4 20003 2000C 20003 3 13 F 28 8 29 14
P 9 14 6 20001 7 A 20006 1 2 20017 1B 23 37 30 32 16
P 9 14 6 20001 7 A 20006 1 2 20017 23 35 27 28 20024 48
P 9 14 4 20001 4 40003 20010 1 14 19 20 36 13 25 17 1E
P 9 12 4 20001 20004 3 B 20001 1 2000A F 25 40 38
P 9 11 4 20001 4 3 20008 20001 1 10 2001A 26 30
P 9 12 6 20001 7 A 20006 1 2 2001D 23 1B 30 20031
P 9 14 4 20001 20004 3 B 20001 20001 A 25 22 11 24 28 3F
P 9 13 4 20001 20004 3 B 40001 1 10 F 2F 24 9 36
P 9 14 4 20001 20004 3 2000B 20001 1 22 10 32 25 18 35 3B
P 9 11 4 20001 20004 20001 20001 1 6 18 D 2A 34
P 9 12 4 20001 20004 20001 20001 1 6 18 11 1F 28 20013
P 9 14 4 20001 40004 20001 1 7 1E 15 28 2A 13 3F 29 3D
P 9 10 4 20001 40004 20006 7 4 18 13 27 31
P 9 12 6 20001 7 A 20006 1 20002 2 1D 2C 13 3F
P 9 12 6 20001 7 A 20006 1 20002 2 1F 2000D 30 31
P 9 12 4 20001 4 3 20008 20001 1 1C D 2001B 2F 3E
P 9 12 4 20001 40004 20006 7 B 7 9 1C 20018 3B 3D
P 9 13 4 20001 40004 20006 7 B 7 1A D 29 5 18 9
P 9 13 4 40001 6 3 11 8 20002 20001 1 3 1F 13 23
P 9 12 4 40001 6 3 2000C 20001 1 E 4 2A 33 27
P 9 13 6 20001 7 A 20006 1 2000E 27 D 36 37 3F 23
P 9 16 4 40001 6 5 2000C 15 19 20001 1 12 14 26 10 35 31 2E
P 9 15 4 40001 6 5 2000C 15 19 2000E 12 6 16 4 2A 2D 13
P 9 13 4 40001 6 5 2000C 20001 1 11 39 30 27 20 40
P 9 13 4 40001 6 5 2000C 20001 1 14 C 2C 25 37 35
P 9 12 4 40001 6 5 2000C 20001 1 14 21 30 2F 26
P 9 10 4 20001 4 3 20008 20001 1 1D E 20026
P 9 14 4 40001 6 5 2000E 3 17 20001 1 3 28 11 28 25
P 9 13 4 40001 6 5 2000E 20001 1 4 16 F 3A 31 2F
P 9 14 4 40001 6 5 2000E 20001 1 4 2D 31 6 22 36 D
P 9 12 4 40001 6 5 2000E 20001 1 7 11 13 3A 1F
P 9 14 4 40001 6 5 2000E 20001 1 7 2F 26 24 6 25 13
P 9 14 4 40001 6 5 2000E 20001 1 18 D 39 30 16 2A 40
P 9 14 6 20001 7 A 20006 20001 1 2 1B 23 20 2D 30 2C
P 9 13 6 20001 7 A 20006 20001 1 2 20 25 14 3E 27
P 9 15 6 20001 7 A 20006 20001 1 2 23 35 12 14 3B 27 2B
P 9 12 6 20001 7 A 20006 20001 1 2 24 2B 27 25
P 9 9 4 20001 4 3 20008 20001 1 1E F
P 9 14 6 20001 7 A 20006 20001 1 2 25 37 14 D 1E 26
P 9 11 6 20001 7 A 20006 20001 1 2 2001B 29 2C
P 9 12 6 20001 7 A 20006 20001 1 2 20025 43 3C 41
P 9 13 6 20001 7 A 20006 20001 1 E 35 27 D 20 3F
P 9 15 4 40001 6 20001 20001 1 4 C 10 35 1A 11 3D 24 29
P 9 10 4 40001 6 20001 20001 1 4 C 1A E
P 9 13 4 40001 6 20001 20001 1 4 C 29 23 3F 37 E
P 9 13 4 40001 6 20001 20001 1 4 C 2001A 22 4E F 36
P 9 10 4 40001 6 20001 20001 1 4 2000C F 22
P 9 11 6 20001 7 A 20006 20001 1 F 3A 3F 2B
P 9 15 4 20001 4 3 20008 F 20011 20001 1 14 27 12 3A 1A 2A
P 9 11 4 20001 4 3 20008 20001 1 20005 5 F 29
P 9 13 4 40001 6 20001 20001 1 4 20021 35 14 56 32 35
P 9 12 4 40001 6 20001 20001 1 9 10 2A E 30 25
P 9 13 4 40001 6 20001 20001 1 9 18 E 20005 43 2A 17
P 9 12 6 20001 7 A 20006 20001 1 12 D 14 20012 2C
P 9 14 6 20001 7 A 20006 20001 1 12 27 D 20025 2B 4E 4F
P 9 10 6 20001 7 A 20006 20001 1 12 28 29
P 9 13 4 40001 6 20001 20001 1 9 20022 32 51 2A 56 44
P 9 13 4 40001 6 20001 20001 1 B 14 22 2000C 34 58 11
P 9 12 4 40001 6 20001 20001 1 B 17 2F 24 3F 3A
P 9 13 6 20001 7 A 20006 20001 1 20002 2 25 3E 14 41
P 9 12 4 20001 4 3 20008 20001 1 20005 F 21 20 35
P 9 10 8 1 20009 4 20011 20002 2 27 38 50
P 9 12 6 20001 7 A 20006 20001 1 20010 16 43 F 2F
P 9 13 4 40001 6 20001 20001 20001 1 9 18 1A 22 38 4C
P 9 10 4 40001 6 20001 20001 20001 1 9 22 3F
P 9 12 6 20001 7 A 20006 20001 1 20012 1A 2F 2B 29
P 9 11 6 20001 7 A 20006 20001 1 20012 2F 41 16
P 9 12 4 40001 6 20001 20001 20001 1 B 22 12 2A 12
P 9 13 4 40001 6 20001 20001 20001 1 B 3E 2C 58 38 46
P 9 12 6 20001 7 A 20006 20001 1 2001C 2B 4E 31 4A
P 9 10 6 20001 7 2 20013 20001 1 1B 28 3A
P 9 13 4 20001 4 3 20008 20001 1 20005 24 2F 20 35 13
P 9 14 6 20001 7 A 20006 20001 2 1B 23 35 D 37 36 2C
P 9 13 6 20001 7 A 20006 20001 2 1B 35 37 14 32 28
P 9 11 8 1 40007 13 5 2 20 9 36 3A 20038
P 9 14 8 1 40007 13 5 2 20 34 1A 38 2001C 20 48 4A
P 9 14 8 1 40007 13 5 2 20 20007 40 46 22 31 35 48
P 9 11 8 1 40007 13 5 2 20 20034 40 46 42
P 9 12 8 1 40007 13 5 2 20 20036 42 4A 33 46
P 9 12 6 20001 7 A 20006 20001 2 20023 29 4A 2F 49
P 9 12 6 1 40005 19 20003 2 5 2D 18 37 14 3D
P 9 14 6 1 40005 20010 22 9 E 25 3E 2F 32 2D 5 10
P 9 13 4 20001 4 3 20008 20001 1 20005 20005 24 27 14 35
P 9 11 8 3 20006 5 2A 20002 4 34 29 36 13
P 9 12 8 3 20006 2000B B 4 19 7 22 29 17 25
P 9 11 8 3 20006 2000B B D 20 19 1B 2E 2A
P 9 13 A 3 2000B 4 E 6 10 28 21 2B 24 19 1B
P 9 12 8 3 20008 20004 7 A D 24 2B 1D 20 35
P 9 12 8 3 20008 20004 7 A 15 29 1A 3A 1D 34
P 9 13 8 3 20008 20004 7 A 1D 19 22 3A 3E 31 19
P 9 12 A 1 2000B B 4 2F 11 C 22 3D 9 14
P 9 14 8 1 20009 20003 20003 3 9 13 B 3B 1E 4E 4B 2D
P 9 11 8 20002 20002 20002 2 4 11 16 32 20040 1C
P 9 12 6 20001 7 2 20013 20002 2 8 12 14 32 20
P 9 11 6 20001 7 2000A 20006 1 2 1D 25 27 40
P 9 14 6 20001 7 2000A 20006 1 6 8 39 1C 3F 2A 2B D
P 9 12 6 20001 7 2000A 20006 1 6 16 28 27 25 3E
P 9 14 6 20001 7 2000A 20006 1 18 1D 37 1C 12 3F 23 17
P 9 11 8 1 40007 13 5 20002 2 7 46 1E 4B
P 9 12 8 1 40007 13 5 20002 2 9 20 4A 53 35
P 9 11 8 1 40007 13 5 20002 2 9 48 33 40
P 9 12 8 1 40007 13 5 20002 2 E 26 4A 35 31
P 9 13 8 1 40007 13 5 20002 2 26 7 40 42 20 33
P 9 13 8 1 40007 13 5 20002 2 26 9 42 48 44 38
P 9 15 6 20001 7 2 20013 20002 2 8 1B 21 39 2E 11 1C 2B
P 9 12 8 1 40007 13 5 20002 2 46 1E 48 57 17
P 9 12 8 1 40007 13 5 2000C E 10 4 46 1E 42
P 9 12 8 1 40007 13 5 2000C E 15 9 4A 22 42
P 9 13 A 20004 20004 4 20002 2 32 25 40 5A 4E 1F 61
P 9 13 6 1 40005 2B 25 C F 2000A C 21 2D 32 36
P 9 12 6 1 40005 2B 25 C F 2000C E 2000C B 4F
P 9 13 6 1 40005 20002 2 A 1B C 2E 3B 32 31 3F
P 9 12 6 1 40005 3 23 20001 2 15 27 20019 15 7
P 9 10 6 1 40005 3 23 20001 2 20003 19 3E
P 9 11 6 1 40005 3 20023 20005 5 37 2 25 4E
P 9 12 4 20001 4 3 20008 20001 1 2000D 10 2E 11 3F
P 9 11 6 1 40005 3 20023 20005 5 37 25 39 1E
P 9 12 6 1 40005 2000A C 2 5 E 20007 31 35 58
P 9 11 6 1 40005 2000A C 2 11 20007 1E 35 58
P 9 12 6 20001 7 20001 20001 1 2 F 10 20012 27 22
P 9 14 6 20001 7 20001 20001 1 2 14 6 2B 35 17 32 2C
P 9 12 6 20001 7 20001 20001 1 2 14 13 23 25 38
P 9 13 6 20001 7 20001 20001 1 2 14 1D 35 37 32 2E
P 9 9 6 20001 7 20001 20001 1 2 14 1F
P 9 13 6 20001 7 20001 20001 1 2 14 23 25 30 3E 6
P 9 11 6 20001 7 20001 20001 1 2 14 29 30 37
P 9 11 4 20001 4 3 20008 20001 1 2000E 11 21 34
P 9 12 6 20001 7 20001 20001 1 2 15 E 1C 38 3A
P 9 12 6 20001 7 20001 20001 1 2 15 14 23 25 3E
P 9 12 6 20001 7 20001 20001 1 2 15 24 26 32 29
P 9 12 6 20001 7 20001 20001 1 2 15 2A 29 3E 3A
P 9 12 6 20001 7 20001 20001 1 2 15 2000E 31 30 48
P 9 12 6 20001 7 20001 20001 1 2 2000C 10 3F 29 16
P 9 13 6 20001 7 20001 20001 1 2 20015 10 38 4F 48 F
P 9 13 6 1 40005 2000A C 21 6 D 28 2C 1D 2E 30
P 9 12 6 1 40005 2000A C 21 6 E 2E 2000A 3C 21
P 9 11 6 20001 7 20001 20001 1 B 12 1F 26 39
P 9 13 4 20001 4 3 20008 20001 1 2000F 12 2A 23 10 2B
P 9 13 6 1 40005 2000A C 21 19 E 2E 3A 2003F 51 8
P 9 12 6 20001 7 20001 20001 1 B 1A F 2D 2F 13
P 9 14 6 20001 7 2 20013 2 1 20008 1B 2A 35 20 2B 31
P 9 12 6 20001 7 2 20013 2 1 20017 1B 39 3A 3B
P 9 13 6 20001 7 2 20013 2 20008 8 2A 13 31 21 36
P 9 14 6 20001 7 2 20013 2 20008 12 1B 39 10 35 2B 36
P 9 13 6 20001 7 2 20013 2 20008 12 2A 35 39 18 2B
P 9 11 6 20001 7 2 20013 2 20008 2A 1B 3A 2C
P 9 12 6 20001 7 A 20018 22 2A 20001 1 20014 42 47
P 9 11 6 20001 7 A 20018 22 2A 20006 6 24 30
P 9 12 4 20001 4 3 20008 20001 1 20010 10 A 22 2D
P 9 11 6 20001 7 A 20018 22 2A 20010 14 20 20035
P 9 14 6 20001 7 20001 20001 1 C 1B 10 20023 48 56 3A 3D
P 9 15 6 20001 7 A 20018 22 2A 2001C 24 14 6 7 8 36 25
P 9 12 6 20001 7 A 20018 20001 1 16 27 28 20014 7
P 9 13 6 20001 7 A 20018 20001 1 27 D 35 23 25 30
P 9 10 6 20001 7 A 20018 20012 16 28 1 37
P 9 11 6 20001 7 A 20018 20012 16 28 6 35 20013
P 9 13 6 20001 7 A 20018 20012 16 20001 1 42 15 41 29
P 9 11 6 20001 7 A 20018 20012 16 20001 2 49 2D
P 9 13 6 20001 7 20001 1 2 14 13 20023 2E 3B 34 3E
P 9 11 4 20001 4 3 20008 F 20011 20010 14 1 20036
P 9 13 4 20001 4 3 20008 20001 1 2001A 20 2B 23 1F 34
P 9 14 6 20001 7 20001 1 2 14 20013 2D 36 22 3D 21 23
P 9 11 6 20001 7 20001 1 20002 2 9 24 38 2A
P 9 13 6 20001 7 20001 1 2000E 12 1F E 20 1F 2D 3D
P 9 11 6 20001 7 20001 20001 1 E 14 1F 1D 17
P 9 12 C 20002 2 20004 4 3E 2D 3C 2B 59 25 23
P 9 10 6 20001 7 20001 20001 1 E 20017 27 42
P 9 11 6 20001 7 20001 20001 1 14 13 23 25 3E
P 9 10 6 20001 7 20001 20001 1 14 1D 35 32
P 9 13 6 1 40005 2000A 2000C C 2 9 20 33 13 31 4A
P 9 13 6 1 40005 2000A 2000C C 2 11 7 18 3E 43 58
P 9 13 4 20001 4 3 20008 20001 1 2001C 24 20012 47 51 35
P 9 14 6 1 40005 2000A 2000C C 2 11 1A 29 9 33 50 48
P 9 11 6 20001 7 20001 20001 20001 1 C 1B 2E 3E
P 9 12 6 20001 7 A 18 20001 1 10 20009 20035 41 47
P 9 11 6 20001 7 A 18 20001 1 20010 B 36 34
P 9 12 6 20001 7 A 18 20001 1 20010 14 20010 15 14
P 9 15 6 20001 7 A 18 20001 12 6 20001 1 12 1E 11 36 1F
P 9 12 6 20001 7 A 18 20001 20001 1 D 20014 4E 1A
P 9 15 6 20001 7 A 18 20001 20001 1 10 9 2B 3A 3F 38 3D
P 9 12 6 20001 7 A 18 40001 20001 1 18 12 41 2E
P 9 15 4 20001 4 3 8 20001 3 20009 20001 1 C 10 26 13 36
P 9 11 4 20001 4 3 20008 20001 1 2001D 25 20010 6
P 9 12 4 20001 4 3 8 20001 20001 1 20006 D 23 11
P 9 15 4 20001 4 3 8 20001 20001 20001 1 6 1B E 35 2D 21
P 9 14 4 20001 4 3 8 20001 20001 20001 6 1B E 23 14 6
P 9 11 4 20001 4 3 8 20001 20001 20006 D 25 2F
P 9 13 4 20001 4 3 8 40001 1 20008 D 23 20 20029 31
P 9 15 4 20001 4 3 8 40001 20001 1 A 23 11 2B 1B 11 22
P 9 13 4 20001 4 3 8 40001 20001 1 B 20024 27 13 48
P 9 14 4 20001 4 3 8 40001 20001 1 C 27 D 2D 29 22
P 9 14 4 20001 4 3 8 40001 20001 4 D 25 D 20 2C 37
P 9 12 4 20001 4 3 8 40001 20001 A 23 1B 10 3E
P 9 17 4 20001 4 3 20008 20001 1 2001E 26 20 4 2B 2C 21 12 23 39
P 9 12 4 20001 4 3 8 40001 20001 B 24 2001C 14 59
P 9 11 4 20001 4 3 8 40001 20001 C 27 1F 11
P 9 11 4 20001 4 3 8 40001 20001 2000A F 31 3D
P 9 13 4 20001 4 3 20008 1 20005 20005 5 1D 1F 7 13
P 9 12 4 20001 4 3 20008 1 20005 20005 D 2000F 13 2C
P 9 13 6 20001 7 2 20013 20002 2 8 2A 21 39 2B 13
P 9 13 4 20001 4 3 20008 20001 1 40005 5 14 2A 3B 31
P 9 13 4 20001 4 3 20008 20001 1 40005 11 38 17 3D 15
P 9 14 4 20001 4 3 20008 20001 7 20022 1 11 30 6 A 25
P 9 11 4 20001 4 3 20008 20001 20001 1 A 22 35
P 9 13 4 20001 4 3 20008 20001 20001 1 B 19 F 39 3B
P 9 14 4 20001 4 3 20008 20001 1 5 2000D 10 32 39 40 11
P 9 13 4 20001 4 3 20008 20001 20001 1 E 29 13 2B 1B
P 9 11 4 20001 4 3 20008 20001 20001 1 F 1A 3F
P 9 14 4 20001 4 3 20008 20001 20001 1 10 A 22 23 35 6
P 9 12 4 20001 4 3 20008 20001 20001 1 1C D 21 2B
P 9 14 4 20001 4 3 20008 20001 20001 1 1D 10 22 12 2B 20034
P 9 14 4 20001 4 3 20008 20001 20001 1 1E 11 16 35 19 3B
P 9 14 4 20001 4 3 20008 20001 20001 1 20005 F 2E 39 2C 53
P 9 13 4 20001 4 3 20008 20001 20001 1 2000E 13 39 3D 2C
P 9 12 4 20001 4 3 20008 20001 20001 5 D 10 31 1A
P 9 11 4 20001 4 3 20008 20001 20001 5 1C 1E 20
P 9 10 4 20001 4 3 20008 20001 1 B 20006 2E
P 9 12 4 20001 4 3 20008 20001 20001 E 22 34 28 5
P 9 12 4 20001 4 3 20008 20001 20001 E 29 3E 25 20
P 9 12 4 20001 4 3 20008 20001 20001 F 2A 23 2C 5
P 9 11 4 20001 4 3 20008 20001 20001 10 E 2002F 40
P 9 11 4 20001 4 3 20008 20001 20001 10 19 10 2E
P 9 16 4 20001 4 3 20008 20001 20001 10 1A 11 35 F 2C 14 37 1D
P 9 12 6 20001 7 2 20013 20002 2 F 2E 38 1A 39
P 9 11 4 20001 4 3 20008 20001 20001 1C D 25 2B
P 9 13 4 20001 4 3 20008 20001 20001 1D 10 22 27 2C 35
P 9 10 4 20001 4 3 20008 20001 20001 1E 11 23
P 9 14 6 20001 7 2 20013 20002 2 1 16 2A 40 20 21 2B
P 9 13 4 20001 4 3 20008 20001 20001 20001 1 19 34 44 24
P 9 10 4 20001 4 3 20008 20001 20001 20001 1D 34
P 9 10 4 20001 4 3 20008 20001 20001 20005 5 25
P 9 13 4 20001 4 3 20008 20001 20001 20005 F 2E 31 42 2A
P 9 12 4 20001 4 3 20008 20001 20001 2000E 13 39 6 38
P 9 13 6 20001 7 2 20013 20002 2 11 1B 40 2C 20 37
P 9 13 6 20001 7 2 20013 20002 2 11 2A 1B 2B 20 39
P 9 13 4 20001 4 3 20008 2000C C 20001 D 2E 38 3D 36
P 9 12 4 20001 4 3 20008 2000C C 2000B 10 20009 4D 3D
P 9 13 6 20001 7 2 20013 20002 2 13 2C 32 7 23 40
P 9 13 6 20001 7 2 20013 20002 2 1 1B 39 2E 14 3A
P 9 11 6 20001 7 2 20013 20002 2 13 32 40 28
P 9 13 4 20001 4 3 20008 2000C 2000C C 5 D 24 20008 14
P 9 13 4 20001 4 3 20008 2000C 2000C C B 24 1B 1E 30
P 9 13 4 20001 4 3 20008 40001 1 5 24 25 26 2E 27
P 9 13 4 20001 4 3 20008 40001 1 8 12 2B 24 1F 10
P 9 13 4 20001 4 3 20008 40001 1 8 27 12 20011 13 31
P 9 11 4 20001 4 3 20008 40001 1 13 2C 2A 20030
P 9 15 4 20001 4 3 20008 40001 1 14 8 21 12 29 2F 36 34
P 9 13 4 20001 4 3 20008 40001 1 14 C 1B 23 25 37
P 9 11 4 20001 4 3 20008 40001 1 14 F 2001C 49
P 9 13 6 20001 7 2 20013 20002 2 1 1C 3A 28 3B 38
P 9 16 4 20001 4 3 20008 40001 1 14 19 20 11 2C 14 5 35 6
P 9 12 4 20001 4 3 20008 40001 1 14 1F 10 2F 2E
P 9 12 4 20001 4 3 20008 40001 1 14 21 27 2002C 36
P 9 12 4 20001 4 3 20008 40001 1 14 22 28 F 1C
P 9 12 4 20001 4 3 20008 40001 1 19 11 2A 10 35
P 9 14 4 20001 4 3 20008 40001 1 19 26 11 32 14 2C 5
P 9 12 4 20001 4 3 20008 40001 1 24 F 2F 29 3B
P 9 11 4 20001 4 3 20008 40001 1 25 10 24 2B
P 9 13 4 20001 4 3 20008 40001 1 26 11 2A 39 27 3A
P 9 12 4 20001 4 3 20008 40001 1 27 12 2F 20029 42
P 9 14 6 20001 7 2 20013 20002 2 1 1D 2C 32 7 20 21
P 9 14 4 20001 4 3 20008 40001 1 28 13 2C 3B 10 12 2A
P 9 12 4 20001 4 3 20008 40001 1 20005 5 2D 12 57
P 9 13 4 20001 4 3 20008 40001 1 20005 11 38 3D 2C 39
P 9 14 4 20001 4 3 20008 40001 1 20010 13 39 12 38 28 9
P 9 13 4 20001 4 3 20008 40001 1 20012 15 3B 39 28 40
P 9 10 4 20001 4 3 20008 40001 1 20014 14 31
P 9 13 4 20001 4 3 20008 40001 14 19 20 2F F 2E 3B
P 9 10 4 20001 4 3 20008 40001 14 22 13 2001B
P 9 11 4 20001 4 3 20008 40001 20001 1 18 12 33
P 9 13 4 20001 4 3 20008 40001 20001 1 2D 25 8 27 11
