P 12 16 6 20001 7 A 18 20001 20001 1 20010 14 22 10 46 22 42 4F
P 12 17 4 20001 4 3 20008 20001 20001 20001 1 10 19 10 22 21 14 2A 2C
P 12 16 6 20001 7 A 20006 40001 1 2 1F 29 41 14 43 16 30 3E
P 12 18 4 20001 4 3 20008 20001 1 20005 5 F 39 12 2003F 51 3B 1E 4D 35
P 12 16 4 20001 4 3 20008 20001 20001 1 20010 10 19 10 10 3B 3E 40
P 12 16 4 40001 6 3 11 8 20002 20001 20001 1 1F 30 41 14 2E 53
P 12 17 4 20001 4 3 20008 20001 20001 1 5 D 24 F 2F 20013 2A 33 51
P 12 18 4 20001 4 3 8 20001 3 20009 1 20005 2000E 12 2E 43 44 58 2C 20
P 12 18 6 20001 7 A 20018 22 2A 20010 14 24 20001 7 48 4D 2A 4B 54 18
P 12 16 6 20001 7 A 20018 22 2A 2001C 24 14 20006 6 7 20 18 A
P 12 15 4 20001 4 3 20008 40001 20001 1 5 11 16 49 3C 17 54
P 12 17 4 20001 4 3 20008 40001 20001 1 5 11 18 4B 38 3E 3B 15 33
P 12 17 4 20001 4 3 20008 40001 20001 1 5 11 38 9 3B 15 31 17 50
P 12 16 6 20001 7 A 20006 40001 1 2 21 2B 43 16 45 18 29 53
P 12 14 4 20001 4 3 20008 40001 20001 1 5 11 38 13 39 20017
P 12 14 4 20001 4 3 20008 40001 20001 1 5 11 38 27 2002F 2D
P 12 15 4 20001 4 3 8 20001 3 20009 20001 1 11 B 27 12 2002E
P 12 17 4 20001 4 3 20008 40001 20001 1 5 2C 30 3D 3F 17 1F 14 43
P 12 14 4 20001 4 3 20008 40001 20001 1 5 2C 32 3F 28 1D
P 12 19 4 20001 4 3 8 20001 3 20009 20001 1 20005 5 10 2E 13 33 34 27 44
P 12 16 4 20001 4 3 8 20001 3 20009 20001 1 20005 10 2E 24 17 49
P 12 15 4 20001 4 3 8 20001 3 20009 20001 1 20005 25 10 3F 4B
P 12 16 4 20001 4 3 8 20001 3 20009 20001 1 2000E 12 2E 15 33 47
P 12 17 4 20001 4 3 8 20001 3 20009 20001 1 2000F 13 2F 14 29 47 44
P 12 18 4 20001 4 3 20008 20001 7 20014 1 C 20009 9 28 30 47 16 46 43
P 12 15 4 20001 4 3 8 20001 3 20009 20001 1 20010 14 3D 37 7
P 12 20 4 20001 4 3 8 20001 3 20009 20001 1 20011 11 1D 10 2E 24 36 14 4B 3E
P 12 17 4 20001 4 3 20008 40001 20001 1 18 8 27 14 2A 16 53 38 31
P 12 16 4 20001 4 3 20008 40001 20001 1 18 8 27 2F 2D 12 3D 40
P 12 17 4 20001 4 3 8 20001 3 20009 20001 20001 5 E 26 1E 36 38 4C
P 12 16 4 20001 4 3 8 20001 3 20009 20001 20001 5 1D 1E 11 38 31
P 12 18 4 20001 4 3 8 20001 3 20009 20001 20001 11 1A 26 11 3B 29 34 2C
P 12 16 4 20001 4 3 8 20001 3 20009 20001 20001 1E 11 3E 31 6 20
P 12 16 6 20001 7 2000A 20006 20001 1 2 21 2B 43 16 52 47 18 54
P 12 16 4 20001 4 3 8 40001 20001 1 4 D 25 1D 20012 15 48 11
P 12 18 4 20001 4 3 20008 20001 7 20014 1 C 20009 28 30 15 38 3A 31 2C
P 12 14 4 20001 4 3 8 40001 20001 1 2000A F 2B 26 35 2C
P 12 17 4 20001 4 3 20008 20001 7 20014 1 20005 2C 3B 32 17 2D 9 46
P 12 20 4 20001 4 3 20008 20001 7 20014 11 31 20001 18 29 47 31 30 46 38 37 16
P 12 18 4 20001 4 3 20008 20001 7 20014 20001 1 10 9 28 30 15 52 53 3D
P 12 16 4 20001 4 3 20008 20001 7 20014 20001 1 10 28 30 37 44 3E
P 12 17 4 20001 4 3 20008 20001 7 20014 20001 1 10 29 47 31 16 2C 3C
P 12 16 4 20001 4 3 20008 20001 7 20014 20001 1 23 15 52 50 12 4B
P 12 16 4 20001 4 3 20008 20001 20001 20001 1 10 1A 11 2C 3C 47 2D
P 12 13 4 20001 4 3 20008 20001 7 20014 20001 5 3B 11 3A
P 12 16 4 20001 4 3 20008 20001 7 20014 20001 10 28 30 46 37 38 43
P 12 14 4 20001 4 3 20008 20001 7 20022 20001 1 11 47 4B 3D
P 12 17 4 20001 4 3 20008 20001 7 20022 20001 1 2C 11 47 46 4F 3D 56
P 12 15 4 20001 4 3 40008 20001 20001 1 5 24 28 3D 4C 4A 2E
P 12 18 4 20001 4 3 40008 20001 20001 1 7 11 30 6 2E 13 16 48 4B 54
P 12 19 4 20001 4 3 40008 20001 20001 1 7 11 30 13 3B 33 12 38 30 18 4B
P 12 16 4 20001 4 3 40008 20001 1 20005 5 11 49 16 3C 14 52 29
P 12 15 6 20001 7 2 20013 20002 2 20008 8 14 27 12 38 20 3D
P 12 16 6 20001 7 2 20013 20002 2 20008 8 14 27 47 12 4A 35 4B
P 12 16 4 20001 4 3 8 40001 20001 20001 1 C 2F 25 16 2C 47 2D
P 12 16 6 20001 7 2 20013 20002 2 20008 8 14 47 12 4A 35 3D 48
P 12 17 4 20001 4 3 20008 20001 20001 1 10 19 20010 13 28 39 3B 40 2C
P 12 13 4 20001 4 3 20008 20001 20001 1 10 20019 25 2D 42
P 12 16 4 20001 4 3 20008 20001 14 20007 1 20005 3A 11 4F 17 4E 3C
P 12 16 6 20001 7 2 20013 20002 2 20008 8 32 27 30 48 20 A 49
P 12 13 6 20001 7 2 20013 20002 2 20008 8 32 27 47 36
P 12 14 4 20001 4 3 20008 20001 20001 1 2000E 13 39 28 27 4B
P 12 12 4 20001 4 20003 2000C 20001 1 20007 7 13 1D 47
P 12 16 4 20001 4 20003 2000C 20001 9 35 20001 1 7 46 4D 4B 13 29
P 12 14 4 20001 4 20003 2000C 20001 20001 1 7 11 30 13 3B 41
P 12 19 6 1 40005 2B 25 C F 2000A C 21 2000E 10 37 51 20 9 4A B 4F
P 12 18 4 20001 4 3 20008 20001 20001 1 20005 5 F 2E 11 39 31 3B 33 35
P 12 16 4 20001 4 3 20008 20001 20001 1 20005 5 F 39 32 33 46 18
P 12 16 4 20001 4 3 20008 20001 20001 1 20005 5 24 2F 2E 14 53 52
P 12 17 4 20001 4 3 20008 20001 20001 1 20005 5 2F 13 32 3A 36 2D 5
P 12 13 4 20001 4 3 20008 20001 20001 1 20005 F 2E 11 39
P 12 16 6 20001 7 2 20013 20002 A 3F 20002 2 12 2A 47 38 1F 3D
P 12 14 6 20001 7 A 20006 11 20022 20002 2 1 2A 20 42 32
P 12 15 6 20001 7 2 20013 20002 20002 2 1 1D 34 3C 26 27 47
P 12 16 6 20001 7 2 20013 20002 20002 2 1 1D 3C 16 36 54 39 45
P 12 15 6 20001 7 2 20013 20002 20002 2 8 12 21 39 3A 52 36
P 12 17 6 1 40005 2B 25 C F 2000A C 21 2000E 38 51 42 20 44 22
P 12 18 6 20001 7 2 20013 20002 20002 2 8 12 2A 13 33 47 48 20 41 4A
P 12 15 6 20001 7 2 20013 20002 20002 2 8 12 2A 1B 2C 35 44
P 12 16 6 20001 7 2 20013 20002 20002 2 8 1B 40 21 41 49 58 4A
P 12 16 6 20001 7 2 20013 20002 20002 2 8 2A 40 34 1F 23 57 41
P 12 16 4 40001 6 5 2000E 20001 20001 1 7 11 39 3A 49 51 1B 4A
P 12 15 4 20001 20004 3 B 20001 20001 1 A 25 2F 1E 20020 36 4D
P 12 17 4 20001 20004 3 B 20001 20001 1 2000A 11 2D 28 33 2A 1C 42 39
P 12 18 4 20001 4 3 20008 20001 20001 20001 1 5 23 20 35 14 2A 16 2C 41
P 12 16 4 20001 4 3 20008 20001 20001 1 2000D 10 2E 21 30 39 15 49
P 12 18 6 20001 7 A 20006 20001 1 2 1B 23 35 12 20025 43 49 F 36 4A
P 12 13 6 1 40005 2B 25 C F 2000A C 21 2000E 3A 58
P 12 18 8 1 40007 13 5 20002 2 26 7 40 1E 46 42 20 48 22 4A 17
P 12 15 6 20001 7 A 20006 20001 1 20002 2 6 28 B 48 57 29
P 12 13 4 20001 4 3 8 60001 20001 1 4 F 2D 23 2A
P 12 18 8 1 40007 13 5 20002 2 26 7 40 46 9 48 20 31 33 22 17
P 12 16 6 20001 7 A 20006 20001 14 21 20001 1 18 2A 2B 3A 28 57
P 12 16 4 20001 4 3 20008 F 11 20001 20001 1 E 20015 21 28 31 3C
P 12 17 4 20001 4 3 20008 F 11 20001 20001 1 15 E 2002E 28 14 42 4A
P 12 19 4 20001 4 3 20008 F 11 20001 20001 1 2000C 11 2C 3A 39 3D 4A 42 2A
P 12 17 4 20001 4 3 20008 F 11 20001 20001 1 2000E 12 1B 1A F 27 4D
P 12 16 4 20001 4 3 20008 F 11 20001 20001 1 2000E 1B 28 23 3F 3A
P 12 16 6 1 40005 2B 25 C F 2000A C 21 2002E 38 3C A 59 54
P 12 19 4 20001 4 3 20008 F 11 20001 20001 1 20015 21 28 2F 2F 36 14 28 57
P 12 18 4 20001 4 3 20008 F 11 20001 20001 1 20018 28 2F 12 46 3E 35 2C
P 12 19 4 20001 4 3 20008 F 11 20001 20001 1 2001B 34 3A 12 17 35 3D 42 48
P 12 15 4 20001 4 3 20008 F 11 20001 20001 20001 E 15 25 12 58
P 12 17 4 20001 4 3 20008 F 11 20001 20001 20001 15 E 2E 31 2A 35 3D
P 12 18 4 20001 4 3 20008 F 11 40001 1 12 20007 7 1D 27 30 1B 10 3E
P 12 17 4 20001 4 3 20008 F 11 40001 1 20012 21 10 3A 9 33 45 3E
P 12 19 4 20001 4 3 20008 F 11 40001 20001 1 16 7 23 2A 31 12 46 35 4A
P 12 19 4 20001 4 3 20008 F 11 40001 20001 1 16 21 28 10 37 15 3A 44 2A
P 12 17 4 20001 4 3 20008 F 11 40001 20001 1 16 25 2C 33 3E 1A 3C
P 12 16 4 20001 4 3 8 20001 20001 20001 1 6 1B 15 1B C F 20033
P 12 20 4 20001 4 3 20008 F 11 40001 20001 1 21 10 3A 17 44 3D 2C 4A 15 33
P 12 16 4 20001 4 3 20008 F 11 40001 20001 1 21 28 2F 44 17 33
P 12 15 4 20001 4 3 20008 F 11 40001 20001 1 23 2A 33 3E 28
P 12 19 4 20001 4 3 20008 F 11 40001 20001 1 25 14 3E 31 13 39 46 48 3B
P 12 16 4 20001 4 3 20008 20001 14 20007 1 5 2000F 12 46 21 49 34
P 12 15 4 20001 4 3 20008 20001 20001 1 2000F 14 32 29 3C 43 3D
P 12 15 4 20001 4 3 20008 20001 20001 1 2000F 14 3A 29 3D 2C 30
P 12 14 4 20001 4 3 20008 20001 20001 1 2000F 14 3A 32 41 45
P 12 16 6 20001 7 A 20006 20001 20001 1 2 6 1C 49 17 34 25 2D
P 12 14 6 20001 7 A 20006 20001 20001 1 2 25 49 16 20050 60
P 12 15 6 20001 7 2 20013 20002 2 1 8 1B 20020 26 43 52 20
P 12 16 6 20001 7 A 20006 20001 20001 1 12 27 36 33 51 14 35 45
P 12 16 6 20001 7 A 18 20001 12 6 20001 1 1E B 20027 4E 20 4D
P 12 16 6 20001 7 A 18 20001 12 6 20001 1 2000A E 2D 32 46 2C
P 12 17 6 20001 7 A 18 20001 12 6 20001 1 20012 C 2B 23 42 27 31
P 12 18 6 20001 7 A 18 20001 12 6 20001 1 20012 16 14 48 45 13 4D 48
P 12 16 6 20001 7 A 18 20001 12 6 20001 1 20012 26 39 27 4E 52
P 12 17 6 20001 7 A 18 20001 12 6 20001 20001 12 A 25 3E 17 58 43
P 12 17 4 40001 6 3 11 8 20002 20001 1 3 20016 1A 2A 11 15 28 3E
P 12 18 4 40001 6 3 11 8 20002 20001 1 3 20022 2A 23 20 29 13 3C 2B
P 12 17 4 20001 4 3 20008 20001 1 20005 5 F 2E E 20031 2A 13 28 31
