J 16 16 6 10001 10001 10001 10001 10003 1 3 B 7 13 A B 22 19 9
J 16 16 6 10001 10001 10001 10001 10003 1 3 B 7 13 A B 22 19 B
J 16 16 6 10001 10001 10001 10001 10003 1 3 B 7 13 A B 22 19 21
J 16 16 6 10001 10001 10001 10001 10003 1 3 B 7 13 A B 22 19 22
J 16 16 6 10001 10001 10001 10001 10003 1 3 B 7 13 A B 22 19 23
J 16 16 6 10001 10001 10001 10001 10003 1 3 B 7 13 A B 22 19 24
J 16 16 6 10001 10001 10001 10001 10003 1 3 B 7 13 A B 22 19 25
J 16 16 6 10001 10001 10001 10001 10003 1 3 B 7 13 A B 22 1A 17
J 16 16 6 10001 10001 10001 10001 10003 1 3 B 7 13 A B 22 1A 18
J 16 16 6 10001 10001 10001 10001 10003 1 3 B 7 13 A B 22 1A 19
J 16 16 6 10001 10001 10001 10001 10003 1 3 B 7 13 A B 22 1A 1A
J 16 16 6 10001 10001 10001 10001 10003 1 3 B 7 13 A B 22 1A 20
J 16 16 6 10001 10001 10001 10001 10003 1 3 B 7 13 A B 22 19 E
J 16 16 6 10001 10001 10001 10001 10003 1 3 B 7 13 A B 22 1A 21
J 16 16 6 10001 10001 10001 10001 10003 1 3 B 7 13 A B 22 1A 23
J 16 16 6 10001 10001 10001 10001 10003 1 3 B 7 13 A B 22 1A 24
J 16 16 6 10001 10001 10001 10001 10003 1 3 B 7 13 A B 22 1A 25
J 16 16 6 10001 10001 10001 10001 10003 1 3 B 7 13 A B 22 1B A
J 16 16 6 10001 10001 10001 10001 10003 1 3 B 7 13 A B 22 1B 1C
J 16 16 6 10001 10001 10001 10001 10003 1 3 B 7 13 A B 22 1B 1D
J 16 16 6 10001 10001 10001 10001 10003 1 3 B 7 13 A B 22 1B 1E
J 16 16 6 10001 10001 10001 10001 10003 1 3 B 7 13 A B 22 1B 26
J 16 16 6 10001 10001 10001 10001 10003 1 3 B 7 13 A B 22 1B 2B
J 16 16 6 10001 10001 10001 10001 10003 1 3 B 7 13 A B 22 19 F
J 16 16 6 10001 10001 10001 10001 10003 1 3 B 7 13 A B 22 1B 2C
J 16 16 6 10001 10001 10001 10001 10003 1 3 B 7 13 A B 22 1B 2D
J 16 16 6 10001 10001 10001 10001 10003 1 3 B 7 13 A B 22 1C 8
J 16 16 6 10001 10001 10001 10001 10003 1 3 B 7 13 A B 22 1C D
J 16 16 6 10001 10001 10001 10001 10003 1 3 B 7 13 A B 22 1C 16
J 16 16 6 10001 10001 10001 10001 10003 1 3 B 7 13 A B 22 1C 1B
J 16 16 6 10001 10001 10001 10001 10003 1 3 B 7 13 A B 22 1C 1D
J 16 16 6 10001 10001 10001 10001 10003 1 3 B 7 13 A B 22 1D 18
J 16 16 6 10001 10001 10001 10001 10003 1 3 B 7 13 A B 22 1D 19
J 16 16 6 10001 10001 10001 10001 10003 1 3 B 7 13 A B 22 1D 1A
J 16 16 6 10001 10001 10001 10001 10003 1 3 B 7 13 A B 22 19 17
J 16 16 6 10001 10001 10001 10001 10003 1 3 B 7 13 A B 22 1D 1F
J 16 16 6 10001 10001 10001 10001 10003 1 3 B 7 13 A B 22 1D 20
J 16 16 6 10001 10001 10001 10001 10003 1 3 B 7 13 A B 22 1D 21
J 16 16 6 10001 10001 10001 10001 10003 1 3 B 7 13 A B 22 1D 24
J 16 16 6 10001 10001 10001 10001 10003 1 3 B 7 13 A B 22 1D 25
J 16 16 6 10001 10001 10001 10001 10003 1 3 B 7 13 A B 22 1E 8
J 16 16 6 10001 10001 10001 10001 10003 1 3 B 7 13 A B 22 1E 14
J 16 16 6 10001 10001 10001 10001 10003 1 3 B 7 13 A B 22 1E 1C
J 16 16 6 10001 10001 10001 10001 10003 1 3 B 7 13 A B 22 19 18
J 16 16 6 10001 10001 10001 10001 10003 1 3 B 7 13 A B 22 19 19
J 16 16 6 10001 10001 10001 10001 10003 1 3 B 7 13 A B 22 19 1A
J 16 16 6 10001 10001 10001 10001 10003 1 3 B 7 13 A B 22 19 1F
J 16 16 6 10001 10001 10001 10001 10003 1 3 B 7 13 A B 22 19 20
