J 5 5 4 10001 10001 10001 1
J 5 5 4 10001 10001 10001 2
J 5 5 5 10001 10001 4 F
J 5 5 6 10001 10001 10009 2
J 5 5 8 2 4 9 D
J 5 5 8 2 4 D 6
J 5 5 8 3 2 8 4
J 5 5 8 3 2 8 5
J 5 5 8 3 2 8 B
J 5 5 8 3 2 8 F
J 5 5 8 3 2 8 10
J 5 5 8 3 2 8 11
J 5 5 8 3 2 8 14
J 5 5 8 3 2 8 17
J 5 5 6 10001 10001 10009 7
J 5 5 8 3 2 8 1A
J 5 5 8 3 2 9 3
J 5 5 8 3 2 9 4
J 5 5 8 3 2 9 9
J 5 5 8 3 2 9 A
J 5 5 8 3 2 9 B
J 5 5 8 3 2 9 D
J 5 5 8 3 2 B F
J 5 5 8 3 2 C D
J 5 5 8 3 2 14 A
J 5 5 6 10001 10001 10009 9
J 5 5 8 3 2 14 B
J 5 5 8 3 2 14 C
J 5 5 8 3 2 14 F
J 5 5 8 3 2 14 10
J 5 5 8 3 2 14 11
J 5 5 8 3 2 14 1A
J 5 5 8 3 2 15 6
J 5 5 8 3 2 15 7
J 5 5 8 3 2 15 9
J 5 5 8 3 2 15 A
J 5 5 6 10001 10001 10009 A
J 5 5 8 3 2 17 1
J 5 5 8 3 2 17 B
J 5 5 8 3 2 17 F
J 5 5 8 3 2 17 11
J 5 5 8 3 2 17 1A
J 5 5 8 3 2 18 1
J 5 5 8 3 2 18 8
J 5 5 8 3 2 18 9
J 5 5 8 3 2 18 A
J 5 5 8 3 2 18 B
J 5 5 6 10001 10003 1 2
J 5 5 8 3 2 18 D
J 5 5 8 3 9 5 9
J 5 5 8 10001 1 2 3
J 5 5 8 10001 1 2 4
J 5 5 8 10001 1 2 5
J 5 5 8 10001 1 2 8
J 5 5 8 10001 1 2 9
J 5 5 8 10001 1 2 A
J 5 5 8 10001 1 2 B
J 5 5 8 10001 1 2 C
J 5 5 6 10001 10003 1 3
J 5 5 8 10001 1 2 D
J 5 5 8 10001 1 2 10
J 5 5 8 10001 1 2 11
J 5 5 8 10001 1 2 12
J 5 5 8 10001 1 2 14
J 5 5 8 10001 1 2 15
J 5 5 8 10001 1 2 16
J 5 5 8 10001 1 2 18
J 5 5 8 10001 1 2 19
J 5 5 8 10001 1 2 1B
J 5 5 6 10001 10003 1 6
J 5 5 8 10001 1 3 5
J 5 5 8 10001 1 3 9
J 5 5 8 10001 1 3 B
J 5 5 8 10001 1 3 11
J 5 5 8 10001 1 3 15
J 5 5 8 10001 1 3 16
J 5 5 8 10001 1 3 18
J 5 5 8 10001 1 3 19
J 5 5 8 10001 1 3 1B
J 5 5 8 10001 1 4 3
J 5 5 6 10001 10003 1 7
J 5 5 8 10001 1 4 5
J 5 5 8 10001 1 4 9
J 5 5 8 10001 1 4 A
J 5 5 8 10001 1 4 F
J 5 5 8 10001 1 4 10
J 5 5 8 10001 1 4 14
J 5 5 8 10001 1 4 18
J 5 5 8 10001 1 4 19
J 5 5 8 10001 1 4 1B
J 5 5 8 10001 1 5 9
J 5 5 6 10001 10003 1 9
J 5 5 8 10001 1 5 A
J 5 5 8 10001 1 5 B
J 5 5 8 10001 1 5 F
J 5 5 8 10001 1 5 11
J 5 5 8 10001 1 5 14
J 5 5 8 10001 1 5 15
J 5 5 8 10001 1 5 18
J 5 5 8 10001 1 5 19
J 5 5 8 10001 1 5 1B
J 5 5 8 10001 1 7 3
J 5 5 6 10001 10003 1 B
J 5 5 8 10001 1 7 4
J 5 5 8 10001 1 7 5
J 5 5 8 10001 1 7 B
J 5 5 8 10001 1 7 C
J 5 5 8 10001 1 7 D
J 5 5 8 10001 1 7 11
J 5 5 8 10001 1 7 12
J 5 5 8 10001 1 7 16
J 5 5 8 10001 1 7 17
J 5 5 8 10001 1 7 18
J 5 5 5 10001 10001 5 7
J 5 5 6 10001 10003 9 4
J 5 5 8 10001 1 7 19
J 5 5 8 10001 1 7 1B
J 5 5 8 10001 1 7 1C
J 5 5 8 10001 1 7 1F
J 5 5 8 10001 1 7 20
J 5 5 8 10001 1 7 22
J 5 5 8 10001 1 7 23
J 5 5 8 10001 1 8 C
J 5 5 8 10001 1 8 17
J 5 5 8 10001 1 8 1B
J 5 5 6 10001 10003 9 6
J 5 5 8 10001 1 8 1C
J 5 5 8 10001 1 8 1D
J 5 5 8 10001 1 8 22
J 5 5 8 10001 1 9 D
J 5 5 8 10001 1 9 12
J 5 5 8 10001 1 9 14
J 5 5 8 10001 1 A 3
J 5 5 8 10001 1 A 4
J 5 5 8 10001 1 A 5
J 5 5 8 10001 1 A 7
J 5 5 6 10001 10003 9 7
J 5 5 8 10001 1 A 8
J 5 5 8 10001 1 A 9
J 5 5 8 10001 1 A C
J 5 5 8 10001 1 A D
J 5 5 8 10001 1 A E
J 5 5 8 10001 1 A 10
J 5 5 8 10001 1 C B
J 5 5 8 10001 1 C 15
J 5 5 8 10001 1 C 1B
J 5 5 8 10001 1 D 18
J 5 5 6 10001 10003 10009 1
J 5 5 8 10001 1 D 19
J 5 5 8 10001 1 E 4
J 5 5 8 10001 1 E 9
J 5 5 8 10001 1 E C
J 5 5 8 10001 1 E D
J 5 5 8 10001 1 E 10
J 5 5 8 10001 2 3 5
J 5 5 8 10001 2 3 15
J 5 5 8 10001 2 3 16
J 5 5 8 10001 2 3 18
J 5 5 6 10001 10003 10009 3
J 5 5 8 10001 2 3 19
J 5 5 8 10001 2 3 1B
J 5 5 8 10001 2 4 3
J 5 5 8 10001 2 4 5
J 5 5 8 10001 2 4 9
J 5 5 8 10001 2 4 B
J 5 5 8 10001 2 4 14
J 5 5 8 10001 2 4 18
J 5 5 8 10001 2 4 19
J 5 5 8 10001 2 5 15
J 5 5 6 10001 10003 10009 4
J 5 5 8 10001 2 5 19
J 5 5 8 10001 2 5 1B
J 5 5 8 10001 2 A 1B
J 5 5 8 10001 2 10 5
J 5 5 8 10001 2 10 C
J 5 5 8 10001 2 10 18
J 5 5 8 10001 2 10 19
J 5 5 8 10001 2 10 1B
J 5 5 8 10001 2 11 9
J 5 5 8 10001 2 11 18
J 5 5 6 10001 10009 1 2
J 5 5 8 10001 2 11 19
J 5 5 8 10001 2 11 1B
J 5 5 8 10001 2 12 4
J 5 5 8 10001 2 12 6
J 5 5 8 10001 2 12 7
J 5 5 8 10001 2 12 8
J 5 5 8 10001 2 12 A
J 5 5 8 10001 2 12 B
J 5 5 8 10001 2 12 E
J 5 5 8 10001 2 14 5
J 5 5 6 10001 10009 1 5
J 5 5 8 10001 2 14 9
J 5 5 8 10001 2 14 B
J 5 5 8 10001 2 14 11
J 5 5 8 10001 2 14 15
J 5 5 8 10001 2 14 18
J 5 5 8 10001 2 14 1B
J 5 5 8 10001 2 15 C
J 5 5 8 10001 2 15 D
J 5 5 8 10001 2 15 18
J 5 5 8 10001 2 15 19
J 5 5 6 10001 10009 1 7
J 5 5 8 10001 2 16 4
J 5 5 8 10001 2 16 9
J 5 5 8 10001 2 16 A
J 5 5 8 10001 2 16 B
J 5 5 8 10001 2 16 F
J 5 5 8 10001 2 16 10
J 5 5 8 10001 2 16 12
J 5 5 8 10001 2 16 14
J 5 5 8 10001 2 16 15
J 5 5 8 10001 2 16 18
J 5 5 6 10001 10009 1 9
J 5 5 8 10001 2 16 19
J 5 5 8 10001 2 16 1B
J 5 5 8 10001 2 19 18
J 5 5 8 10001 2 1B 9
J 5 5 8 10001 2 1B 18
J 5 5 8 10001 2 1B 19
J 5 5 8 10001 3 B 10
J 5 5 8 10001 3 F 4
J 5 5 8 10001 3 F 5
J 5 5 8 10001 3 F 8
J 5 5 5 10001 10001 10001 1
J 5 5 6 10001 10009 1 A
J 5 5 8 10001 3 F A
J 5 5 8 10001 3 F B
J 5 5 8 10001 3 F C
J 5 5 8 10001 3 F D
J 5 5 8 10001 3 F 11
J 5 5 8 10001 3 F 14
J 5 5 8 10001 3 F 15
J 5 5 8 10001 3 F 16
J 5 5 8 10001 3 F 18
J 5 5 8 10001 3 F 19
J 5 5 6 10001 10009 2 6
J 5 5 8 10001 3 F 1B
J 5 5 8 10001 3 11 E
J 5 5 8 10001 3 18 11
J 5 5 8 10001 3 18 15
J 5 5 8 10001 3 18 16
J 5 5 8 10001 3 18 1B
J 5 5 8 10001 3 19 12
J 5 5 8 10001 3 19 14
J 5 5 8 10001 3 19 15
J 5 5 8 10001 3 19 16
J 5 5 6 10001 10009 2 9
J 5 5 8 10001 3 19 18
J 5 5 8 10001 3 19 1B
J 5 5 8 10001 3 1B 15
J 5 5 8 10001 4 3 B
J 5 5 8 10001 4 3 15
J 5 5 8 10001 4 3 19
J 5 5 8 10001 4 5 9
J 5 5 8 10001 4 5 16
J 5 5 8 10001 4 5 19
J 5 5 8 10001 4 F 5
J 5 5 6 10001 10009 5 A
J 5 5 8 10001 4 F 1B
J 5 5 8 10001 4 10 5
J 5 5 8 10001 4 10 7
J 5 5 8 10001 4 10 8
J 5 5 8 10001 4 10 A
J 5 5 8 10001 4 10 C
J 5 5 8 10001 4 10 D
J 5 5 8 10001 4 10 E
J 5 5 8 10001 4 10 10
J 5 5 8 10001 4 14 5
J 5 5 6 10002 1 3 7
J 5 5 8 10001 4 14 11
J 5 5 8 10001 4 14 15
J 5 5 8 10001 4 14 18
J 5 5 8 10001 4 14 19
J 5 5 8 10001 4 19 A
J 5 5 8 10001 4 19 12
J 5 5 8 10001 4 1B 2
J 5 5 8 10001 4 1B 3
J 5 5 8 10001 4 1B 12
J 5 5 8 10001 4 1B 14
J 5 5 6 10002 1 10 7
J 5 5 8 10001 4 1B 15
J 5 5 8 10001 4 1B 16
J 5 5 8 10001 4 1B 18
J 5 5 8 10001 4 1B 19
J 5 5 8 10001 5 3 4
J 5 5 8 10001 5 3 A
J 5 5 8 10001 5 3 14
J 5 5 8 10001 5 3 16
J 5 5 8 10001 5 3 18
J 5 5 8 10001 5 3 1B
J 5 5 6 10002 1 10 9
J 5 5 8 10001 5 9 1F
J 5 5 8 10001 5 F 9
J 5 5 8 10001 5 F C
J 5 5 8 10001 5 F E
J 5 5 8 10001 5 15 9
J 5 5 8 10001 5 15 10
J 5 5 8 10001 5 15 14
J 5 5 8 10001 5 15 18
J 5 5 8 10001 5 16 14
J 5 5 8 10001 5 18 2
J 5 5 6 10002 1 10 A
J 5 5 8 10001 5 18 F
J 5 5 8 10001 5 18 14
J 5 5 8 10001 5 18 16
J 5 5 8 10001 5 19 14
J 5 5 8 10001 5 1B 11
J 5 5 8 10001 5 1B 12
J 5 5 8 10001 8 B 6
J 5 5 8 10001 8 B 7
J 5 5 8 10001 C C 1B
J 5 5 8 10001 C 15 C
J 5 5 6 10002 1 10 B
J 5 5 8 10001 C 15 D
J 5 5 8 10001 C 15 19
J 5 5 8 10001 C 1B A
J 5 5 8 10001 C 1B 10
J 5 5 8 10001 D 18 D
J 5 5 8 10001 D 18 16
J 5 5 8 10001 D 18 19
J 5 5 8 10001 D 19 9
J 5 5 8 10001 E C B
J 5 5 8 10001 E C 15
J 5 5 6 10002 2 1 3
J 5 5 8 10001 E C 18
J 5 5 8 10001 E C 1B
J 5 5 8 10001 E D A
J 5 5 8 10001 E D 19
J 5 5 8 10001 10 A C
J 5 5 8 10001 10 E A
J 5 5 8 10002 1 4 5
J 5 5 8 10002 1 4 C
J 5 5 8 10002 1 4 1B
J 5 5 8 10002 1 4 1C
J 5 5 5 10001 10001 10001 2
J 5 5 6 10002 2 1 9
J 5 5 8 10002 1 4 22
J 5 5 8 10002 1 5 B
J 5 5 8 10002 1 5 1C
J 5 5 8 10002 1 5 1F
J 5 5 8 10002 1 5 20
J 5 5 8 10002 1 11 5
J 5 5 8 10002 1 11 1B
J 5 5 8 10002 1 11 22
J 5 5 8 10002 1 11 23
J 5 5 8 10002 1 12 D
J 5 5 6 10002 2 1 A
J 5 5 8 10002 1 12 14
J 5 5 8 10002 1 16 5
J 5 5 8 10002 1 16 A
J 5 5 8 10002 1 16 C
J 5 5 8 10002 1 16 D
J 5 5 8 10002 1 16 E
J 5 5 8 10002 1 16 1B
J 5 5 8 10002 1 16 22
J 5 5 8 10002 1 16 23
J 5 5 8 10002 1 17 A
J 5 5 6 10002 2 1 C
J 5 5 8 10002 1 17 D
J 5 5 8 10002 1 17 E
J 5 5 8 10002 1 17 16
J 5 5 8 10002 1 17 1B
J 5 5 8 10002 1 17 1C
J 5 5 8 10002 1 17 1D
J 5 5 8 10002 1 17 23
J 5 5 8 10002 1 18 4
J 5 5 8 10002 1 18 A
J 5 5 8 10002 1 18 B
J 5 5 6 10002 2 1 D
J 5 5 8 10002 1 18 C
J 5 5 8 10002 1 18 E
J 5 5 8 10002 1 18 11
J 5 5 8 10002 1 18 16
J 5 5 8 10002 1 18 17
J 5 5 8 10002 1 18 1B
J 5 5 8 10002 1 18 1D
J 5 5 8 10002 1 18 1F
J 5 5 8 10002 1 18 20
J 5 5 8 10002 1 18 22
J 5 5 6 10002 2 1 E
J 5 5 8 10002 1 1C 1F
J 5 5 8 10002 1 1F 1B
J 5 5 8 10002 1 20 1B
J 5 5 8 10002 2 1 4
J 5 5 8 10002 2 1 5
J 5 5 8 10002 2 1 A
J 5 5 8 10002 2 1 B
J 5 5 8 10002 2 1 C
J 5 5 8 10002 2 1 D
J 5 5 8 10002 2 1 E
J 5 5 6 10002 2 1 10
J 5 5 8 10002 2 1 10
J 5 5 8 10002 2 1 11
J 5 5 8 10002 2 1 12
J 5 5 8 10002 2 1 13
J 5 5 8 10002 2 1 16
J 5 5 8 10002 2 1 17
J 5 5 8 10002 2 1 18
J 5 5 8 10002 2 1 1B
J 5 5 8 10002 2 1 1C
J 5 5 8 10002 2 1 1D
J 5 5 6 10002 2 1 13
J 5 5 8 10002 2 1 1F
J 5 5 8 10002 2 1 20
J 5 5 8 10002 2 1 22
J 5 5 8 10002 2 1 23
J 5 5 8 10002 2 3 1
J 5 5 8 10002 2 3 4
J 5 5 8 10002 2 3 5
J 5 5 8 10002 2 3 A
J 5 5 8 10002 2 3 B
J 5 5 8 10002 2 3 C
J 5 5 6 10002 2 1 14
J 5 5 8 10002 2 3 D
J 5 5 8 10002 2 3 E
J 5 5 8 10002 2 3 11
J 5 5 8 10002 2 3 12
J 5 5 8 10002 2 3 13
J 5 5 8 10002 2 3 14
J 5 5 8 10002 2 3 17
J 5 5 8 10002 2 3 18
J 5 5 8 10002 2 3 1B
J 5 5 8 10002 2 3 1C
J 5 5 6 10002 2 5 A
J 5 5 8 10002 2 3 1F
J 5 5 8 10002 2 3 20
J 5 5 8 10002 2 3 22
J 5 5 8 10002 2 3 23
J 5 5 8 10002 2 4 B
J 5 5 8 10002 2 4 C
J 5 5 8 10002 2 4 D
J 5 5 8 10002 2 4 1C
J 5 5 8 10002 2 4 1F
J 5 5 8 10002 2 4 20
J 5 5 6 10002 2 6 A
J 5 5 8 10002 2 5 4
J 5 5 8 10002 2 5 B
J 5 5 8 10002 2 5 C
J 5 5 8 10002 2 5 D
J 5 5 8 10002 2 5 11
J 5 5 8 10002 2 5 12
J 5 5 8 10002 2 5 16
J 5 5 8 10002 2 5 17
J 5 5 8 10002 2 5 1B
J 5 5 8 10002 2 5 1F
J 5 5 5 10001 10001 10001 4
J 5 5 6 10002 2 7 13
J 5 5 8 10002 2 5 20
J 5 5 8 10002 2 9 4
J 5 5 8 10002 2 9 5
J 5 5 8 10002 2 9 C
J 5 5 8 10002 2 9 11
J 5 5 8 10002 2 9 12
J 5 5 8 10002 2 9 17
J 5 5 8 10002 2 9 1B
J 5 5 8 10002 2 9 1F
J 5 5 8 10002 2 9 22
J 5 5 6 10002 2 7 14
J 5 5 8 10002 2 A 1F
J 5 5 8 10002 2 B 1B
J 5 5 8 10002 2 C B
J 5 5 8 10002 2 C 11
J 5 5 8 10002 2 C 16
J 5 5 8 10002 2 C 17
J 5 5 8 10002 2 C 1B
J 5 5 8 10002 2 C 1F
J 5 5 8 10002 2 C 20
J 5 5 8 10002 2 D 4
J 5 5 6 10002 5 B A
J 5 5 8 10002 2 D 5
J 5 5 8 10002 2 D A
J 5 5 8 10002 2 D B
J 5 5 8 10002 2 D C
J 5 5 8 10002 2 D D
J 5 5 8 10002 2 D 11
J 5 5 8 10002 2 D 12
J 5 5 8 10002 2 D 16
J 5 5 8 10002 2 D 17
J 5 5 8 10002 2 D 1B
J 5 5 6 10002 5 B B
J 5 5 8 10002 2 D 1C
J 5 5 8 10002 2 D 1F
J 5 5 8 10002 2 D 20
J 5 5 8 10002 2 D 22
J 5 5 8 10002 2 10 9
J 5 5 8 10002 2 10 A
J 5 5 8 10002 2 10 B
J 5 5 8 10002 2 10 C
J 5 5 8 10002 2 10 F
J 5 5 8 10002 2 11 4
J 5 5 6 10002 10001 1 3
J 5 5 8 10002 2 11 5
J 5 5 8 10002 2 11 A
J 5 5 8 10002 2 11 B
J 5 5 8 10002 2 11 C
J 5 5 8 10002 2 11 D
J 5 5 8 10002 2 11 10
J 5 5 8 10002 2 11 11
J 5 5 8 10002 2 11 12
J 5 5 8 10002 2 11 13
J 5 5 8 10002 2 11 14
J 5 5 6 10002 10001 1 7
J 5 5 8 10002 2 11 17
J 5 5 8 10002 2 11 1B
J 5 5 8 10002 2 11 1C
J 5 5 8 10002 2 11 1F
J 5 5 8 10002 2 11 22
J 5 5 8 10002 2 13 B
J 5 5 8 10002 2 13 11
J 5 5 8 10002 2 13 1F
J 5 5 8 10002 3 1 4
J 5 5 8 10002 3 1 5
J 5 5 6 10002 10001 1 9
J 5 5 8 10002 3 1 17
J 5 5 8 10002 3 1 18
J 5 5 8 10002 3 1 1F
J 5 5 8 10002 3 4 5
J 5 5 8 10002 3 4 12
J 5 5 8 10002 3 4 1C
J 5 5 8 10002 3 4 1F
J 5 5 8 10002 3 5 1B
J 5 5 8 10002 3 5 1F
J 5 5 8 10002 3 5 20
J 5 5 6 10002 10001 1 B
J 5 5 8 10002 3 C C
J 5 5 8 10002 3 17 B
J 5 5 8 10002 3 17 D
J 5 5 8 10002 3 17 E
J 5 5 8 10002 3 17 11
J 5 5 8 10002 3 17 12
J 5 5 8 10002 3 17 13
J 5 5 8 10002 3 17 14
J 5 5 8 10002 3 17 1F
J 5 5 8 10002 3 18 8
J 5 5 6 10002 10001 1 11
J 5 5 8 10002 3 18 9
J 5 5 8 10002 3 18 B
J 5 5 8 10002 3 18 F
J 5 5 8 10002 3 1B 1
J 5 5 8 10002 3 1B D
J 5 5 8 10002 3 1B E
J 5 5 8 10002 3 1B 14
J 5 5 8 10002 3 1B 1F
J 5 5 8 10002 3 1B 20
J 5 5 8 10002 3 1B 23
J 5 5 6 10002 10001 1 14
J 5 5 8 10002 3 1C 1
J 5 5 8 10002 3 1C 9
J 5 5 8 10002 3 1C B
J 5 5 8 10002 3 1C C
J 5 5 8 10002 3 1C 12
J 5 5 8 10002 3 1C 16
J 5 5 8 10002 3 1C 18
J 5 5 8 10002 3 1C 1B
J 5 5 8 10002 3 1C 1F
J 5 5 8 10002 3 1C 22
J 5 5 5 10001 10001 10001 5
J 5 5 6 10002 10001 1 15
J 5 5 8 10002 3 1F 12
J 5 5 8 10002 3 20 D
J 5 5 8 10002 3 22 11
J 5 5 8 10002 4 5 B
J 5 5 8 10002 4 5 C
J 5 5 8 10002 4 5 1C
J 5 5 8 10002 4 B 9
J 5 5 8 10002 4 B B
J 5 5 8 10002 4 D 10
J 5 5 8 10002 4 D 12
J 5 5 6 10002 10001 2 1
J 5 5 8 10002 4 D 1B
J 5 5 8 10002 4 1F 1
J 5 5 8 10002 4 1F C
J 5 5 8 10002 4 1F 18
J 5 5 8 10002 4 1F 1B
J 5 5 8 10002 4 1F 1C
J 5 5 8 10002 5 C 9
J 5 5 8 10002 5 C B
J 5 5 8 10002 5 C D
J 5 5 8 10002 5 C 1B
J 5 5 6 10002 10001 2 3
J 5 5 8 10002 5 C 1F
J 5 5 8 10002 5 D 11
J 5 5 8 10002 5 D 1B
J 5 5 8 10002 5 17 1
J 5 5 8 10002 5 17 9
J 5 5 8 10002 5 17 A
J 5 5 8 10002 5 17 B
J 5 5 8 10002 5 17 D
J 5 5 8 10002 5 17 E
J 5 5 8 10002 5 17 10
J 5 5 6 10002 10001 2 8
J 5 5 8 10002 5 17 11
J 5 5 8 10002 5 17 13
J 5 5 8 10002 5 17 14
J 5 5 8 10002 5 17 16
J 5 5 8 10002 5 17 1B
J 5 5 8 10002 5 17 1C
J 5 5 8 10002 5 17 1D
J 5 5 8 10002 5 17 1F
J 5 5 8 10002 5 17 20
J 5 5 8 10002 5 17 23
J 5 5 6 10002 10001 2 9
J 5 5 8 10002 5 1B 1
J 5 5 8 10002 5 1B 9
J 5 5 8 10002 A 12 D
J 5 5 8 10002 F D D
J 5 5 8 10002 F 13 E
J 5 5 8 10002 10 F 1
J 5 5 8 10002 10 F 11
J 5 5 8 10003 1 5 6
J 5 5 8 10003 1 5 A
J 5 5 8 10003 1 5 F
J 5 5 6 10002 10001 2 B
J 5 5 8 10003 1 9 10
J 5 5 8 10003 1 10 4
J 5 5 8 10003 1 10 5
J 5 5 8 10003 1 10 9
J 5 5 8 10003 1 10 A
J 5 5 8 10003 1 10 B
J 5 5 8 10003 1 10 C
J 5 5 8 10003 1 10 D
J 5 5 8 10003 1 10 F
J 5 5 8 10003 1 10 12
J 5 5 6 10002 10001 2 D
J 5 5 8 10003 1 10 13
J 5 5 8 10003 1 10 14
J 5 5 8 10003 1 12 C
J 5 5 8 10003 1 12 1B
J 5 5 8 10003 1 13 B
J 5 5 8 10003 1 13 13
J 5 5 8 10003 1 13 14
J 5 5 8 10003 1 13 16
J 5 5 8 10003 1 1B 9
J 5 5 8 10003 1 1B A
J 5 5 6 10002 10001 2 E
J 5 5 8 10003 1 1B C
J 5 5 8 10003 1 1B 12
J 5 5 8 10003 1 1F 9
J 5 5 8 10003 2 1 C
J 5 5 8 10003 2 1 17
J 5 5 8 10003 2 1 1F
J 5 5 8 10003 2 4 1
J 5 5 8 10003 2 4 F
J 5 5 8 10003 2 5 1
J 5 5 8 10003 2 5 11
J 5 5 6 10002 10001 2 F
J 5 5 8 10003 2 5 14
J 5 5 8 10003 2 5 1F
J 5 5 8 10003 2 9 4
J 5 5 8 10003 2 9 5
J 5 5 8 10003 2 9 A
J 5 5 8 10003 2 9 C
J 5 5 8 10003 2 9 12
J 5 5 8 10003 2 9 13
J 5 5 8 10003 2 9 14
J 5 5 8 10003 2 9 17
J 5 5 6 10002 10001 2 11
J 5 5 8 10003 2 9 1B
J 5 5 8 10003 2 9 1F
J 5 5 8 10003 2 9 20
J 5 5 8 10003 2 9 22
J 5 5 8 10003 2 A 3
J 5 5 8 10003 2 A 4
J 5 5 8 10003 2 A A
J 5 5 8 10003 2 A C
J 5 5 8 10003 2 A D
J 5 5 8 10003 2 A E
J 5 5 5 10001 10001 10001 10001
J 5 5 6 10002 10001 2 14
J 5 5 8 10003 2 A 10
J 5 5 8 10003 2 A 11
J 5 5 8 10003 2 A 12
J 5 5 8 10003 2 17 9
J 5 5 8 10003 2 17 A
J 5 5 8 10003 2 17 D
J 5 5 8 10003 2 17 E
J 5 5 8 10003 2 17 16
J 5 5 8 10003 2 17 17
J 5 5 8 10003 2 1B 1
J 5 5 6 10002 10001 2 15
J 5 5 8 10003 2 1B 11
J 5 5 8 10003 2 1B 13
J 5 5 8 10003 2 1B 14
J 5 5 8 10003 2 1B 1F
J 5 5 8 10003 2 1B 23
J 5 5 8 10003 2 1C 1
J 5 5 8 10003 2 1C 9
J 5 5 8 10003 2 1C A
J 5 5 8 10003 2 1C B
J 5 5 8 10003 2 1C D
J 5 5 6 10002 10001 11 8
J 5 5 8 10003 2 1C F
J 5 5 8 10003 2 1C 11
J 5 5 8 10003 2 22 11
J 5 5 8 10003 2 22 13
J 5 5 8 10003 3 1 5
J 5 5 8 10003 3 1 C
J 5 5 8 10003 3 1 10
J 5 5 8 10003 3 1 11
J 5 5 8 10003 3 1 12
J 5 5 8 10003 3 1 13
J 5 5 6 10002 10001 11 E
J 5 5 8 10003 3 1 17
J 5 5 8 10003 3 1 18
J 5 5 8 10003 3 1 1B
J 5 5 8 10003 3 1 22
J 5 5 8 10003 3 2 1
J 5 5 8 10003 3 2 4
J 5 5 8 10003 3 2 5
J 5 5 8 10003 3 2 9
J 5 5 8 10003 3 2 A
J 5 5 8 10003 3 2 B
J 5 5 6 10002 10001 11 14
J 5 5 8 10003 3 2 C
J 5 5 8 10003 3 2 D
J 5 5 8 10003 3 2 E
J 5 5 8 10003 3 2 11
J 5 5 8 10003 3 2 12
J 5 5 8 10003 3 2 13
J 5 5 8 10003 3 2 14
J 5 5 8 10003 3 2 17
J 5 5 8 10003 3 2 18
J 5 5 8 10003 3 2 19
J 5 5 6 10002 10001 10003 1
J 5 5 8 10003 3 2 1B
J 5 5 8 10003 3 2 1C
J 5 5 8 10003 3 2 1F
J 5 5 8 10003 3 2 20
J 5 5 8 10003 3 2 22
J 5 5 8 10003 3 2 23
J 5 5 8 10003 3 6 5
J 5 5 8 10003 3 6 B
J 5 5 8 10003 3 6 F
J 5 5 8 10003 3 6 12
J 5 5 6 10002 10001 10003 2
J 5 5 8 10003 3 6 13
J 5 5 8 10003 3 6 14
J 5 5 8 10003 3 7 9
J 5 5 8 10003 3 7 F
J 5 5 8 10003 3 7 12
J 5 5 8 10003 3 8 13
J 5 5 8 10003 3 8 17
J 5 5 8 10003 3 9 6
J 5 5 8 10003 3 9 D
J 5 5 8 10003 3 9 F
J 5 5 6 10002 10001 10011 1
J 5 5 8 10003 3 9 12
J 5 5 8 10003 3 A 5
J 5 5 8 10003 3 A 9
J 5 5 8 10003 3 A B
J 5 5 8 10003 3 A C
J 5 5 8 10003 3 A D
J 5 5 8 10003 3 A 10
J 5 5 8 10003 3 A 12
J 5 5 8 10003 3 A 16
J 5 5 8 10003 3 A 17
J 5 5 6 10002 10001 10011 2
J 5 5 8 10003 3 A 18
J 5 5 8 10003 3 A 1B
J 5 5 8 10003 3 A 22
J 5 5 8 10003 3 A 23
J 5 5 8 10003 3 C B
J 5 5 8 10003 3 C E
J 5 5 8 10003 3 C F
J 5 5 8 10003 3 C 14
J 5 5 8 10003 6 B 10
J 5 5 8 10003 6 B 16
J 5 5 6 10002 10001 10011 7
J 5 5 8 10003 6 B 17
J 5 5 8 10003 6 12 B
J 5 5 8 10003 9 12 5
J 5 5 9 1 2 3 B
J 5 5 9 1 2 3 C
J 5 5 9 1 2 3 D
J 5 5 9 1 2 3 17
J 5 5 9 1 2 3 18
J 5 5 9 1 2 3 19
J 5 5 9 1 2 3 1F
J 5 5 5 10001 10001 10001 10002
J 5 5 6 10002 10002 1 3
J 5 5 9 1 2 3 20
J 5 5 9 1 2 3 22
J 5 5 9 1 2 4 A
J 5 5 9 1 2 4 C
J 5 5 9 1 2 4 D
J 5 5 9 1 2 4 1B
J 5 5 9 1 2 4 1C
J 5 5 9 1 2 4 1D
J 5 5 9 1 2 4 22
J 5 5 9 1 2 B 1F
J 5 5 6 10002 10002 1 8
J 5 5 9 1 2 C 1B
J 5 5 9 1 2 C 1C
J 5 5 9 1 2 D B
J 5 5 9 1 2 E 11
J 5 5 9 1 2 E 12
J 5 5 9 1 2 11 5
J 5 5 9 1 2 11 6
J 5 5 9 1 2 11 D
J 5 5 9 1 2 11 E
J 5 5 9 1 2 11 16
J 5 5 6 10002 10002 1 9
J 5 5 9 1 2 11 1B
J 5 5 9 1 2 11 1C
J 5 5 9 1 2 11 1D
J 5 5 9 1 2 11 1F
J 5 5 9 1 2 11 22
J 5 5 9 1 2 12 6
J 5 5 9 1 2 12 A
J 5 5 9 1 2 12 E
J 5 5 9 1 2 12 16
J 5 5 9 1 2 12 17
J 5 5 6 10002 10002 1 A
J 5 5 9 1 2 12 1B
J 5 5 9 1 2 12 1C
J 5 5 9 1 2 12 1D
J 5 5 9 1 2 12 1F
J 5 5 9 1 2 12 20
J 5 5 9 1 2 12 22
J 5 5 9 1 2 13 4
J 5 5 9 1 2 13 A
J 5 5 9 1 2 13 B
J 5 5 9 1 2 13 11
J 5 5 6 10002 10002 1 D
J 5 5 9 1 2 13 18
J 5 5 9 1 2 13 1B
J 5 5 9 1 2 13 1C
J 5 5 9 1 2 13 1D
J 5 5 9 1 2 13 1F
J 5 5 9 1 2 13 20
J 5 5 9 1 2 13 22
J 5 5 9 1 2 14 4
J 5 5 9 1 2 14 6
J 5 5 9 1 2 14 7
J 5 5 6 10002 10002 1 10
J 5 5 9 1 2 14 9
J 5 5 9 1 2 14 A
J 5 5 9 1 2 14 B
J 5 5 9 1 2 14 C
J 5 5 9 1 2 14 E
J 5 5 9 1 2 14 F
J 5 5 9 1 2 16 5
J 5 5 9 1 2 16 6
J 5 5 9 1 2 16 A
J 5 5 9 1 2 16 C
J 5 5 6 10002 10002 1 13
J 5 5 9 1 2 16 D
J 5 5 9 1 2 16 E
J 5 5 9 1 2 16 13
J 5 5 9 1 2 16 17
J 5 5 9 1 2 16 18
J 5 5 9 1 2 16 1B
J 5 5 9 1 2 16 1C
J 5 5 9 1 2 16 1D
J 5 5 9 1 2 16 1F
J 5 5 9 1 2 16 22
J 5 5 6 10002 10002 1 14
J 5 5 9 1 2 17 6
J 5 5 9 1 2 17 A
J 5 5 9 1 2 17 B
J 5 5 9 1 2 17 D
J 5 5 9 1 2 17 E
J 5 5 9 1 2 17 13
J 5 5 9 1 2 17 1B
J 5 5 9 1 2 17 1C
J 5 5 9 1 2 17 1D
J 5 5 9 1 2 17 1F
J 5 5 6 10002 10002 1 15
J 5 5 9 1 2 17 20
J 5 5 9 1 2 17 22
J 5 5 9 1 2 18 4
J 5 5 9 1 2 18 A
J 5 5 9 1 2 18 B
J 5 5 9 1 2 18 E
J 5 5 9 1 2 18 11
J 5 5 9 1 2 18 17
J 5 5 9 1 2 18 1B
J 5 5 9 1 2 18 1D
J 5 5 6 10002 10002 2 1
J 5 5 9 1 2 18 1F
J 5 5 9 1 2 18 20
J 5 5 9 1 2 19 4
J 5 5 9 1 2 19 5
J 5 5 9 1 2 19 A
J 5 5 9 1 2 19 B
J 5 5 9 1 2 19 C
J 5 5 9 1 2 19 D
J 5 5 9 1 2 19 11
J 5 5 9 1 2 19 12
J 5 5 5 10001 10001 10002 1
J 5 5 6 10002 10002 2 5
J 5 5 9 1 2 19 16
J 5 5 9 1 2 19 17
J 5 5 9 1 2 19 18
J 5 5 9 1 2 19 1B
J 5 5 9 1 2 19 1C
J 5 5 9 1 2 19 1F
J 5 5 9 1 2 19 20
J 5 5 9 1 2 19 22
J 5 5 9 1 2 1B D
J 5 5 9 1 2 1C 1B
J 5 5 6 10002 10002 2 6
J 5 5 9 1 2 1D D
J 5 5 9 1 2 1F A
J 5 5 9 1 2 1F 1C
J 5 5 9 1 2 1F 1D
J 5 5 9 1 2 20 A
J 5 5 9 1 2 20 D
J 5 5 9 1 2 20 1C
J 5 5 9 1 2 20 22
J 5 5 9 1 2 22 A
J 5 5 9 1 2 22 B
J 5 5 6 10002 10002 2 7
J 5 5 9 1 2 22 1B
J 5 5 9 1 2 22 1C
J 5 5 9 1 3 4 2
J 5 5 9 1 3 4 6
J 5 5 9 1 3 4 9
J 5 5 9 1 3 4 C
J 5 5 9 1 3 4 D
J 5 5 9 1 3 4 E
J 5 5 9 1 3 4 17
J 5 5 9 1 3 4 18
J 5 5 6 10002 10002 2 8
J 5 5 9 1 3 4 19
J 5 5 9 1 3 4 22
J 5 5 9 1 3 9 10
J 5 5 9 1 3 9 11
J 5 5 9 1 3 C 16
J 5 5 9 1 3 C 18
J 5 5 9 1 3 D 16
J 5 5 9 1 3 D 17
J 5 5 9 1 3 D 1F
J 5 5 9 1 3 12 16
J 5 5 6 10002 10002 5 A
J 5 5 9 1 3 12 18
J 5 5 9 1 3 12 19
J 5 5 9 1 3 12 1B
J 5 5 9 1 3 12 1F
J 5 5 9 1 3 13 C
J 5 5 9 1 3 13 F
J 5 5 9 1 3 16 1F
J 5 5 9 1 3 19 9
J 5 5 9 1 3 19 11
J 5 5 9 1 3 1F 9
J 5 5 6 10002 10002 6 A
J 5 5 9 1 3 1F 19
J 5 5 9 1 3 20 9
J 5 5 9 1 3 20 17
J 5 5 9 1 3 20 18
J 5 5 9 1 3 20 1F
J 5 5 9 1 3 22 9
J 5 5 9 1 3 22 16
J 5 5 9 1 3 22 18
J 5 5 9 1 3 22 1F
J 5 5 9 1 3 22 20
J 5 5 6 10002 10002 7 A
J 5 5 9 1 4 9 11
J 5 5 9 1 4 9 16
J 5 5 9 1 4 9 1B
J 5 5 9 1 4 16 6
J 5 5 9 1 4 16 C
J 5 5 9 1 4 16 10
J 5 5 9 1 4 17 1C
J 5 5 9 1 4 19 C
J 5 5 9 1 4 19 D
J 5 5 9 1 4 19 22
J 5 5 6 10002 10002 7 18
J 5 5 9 1 4 1B 9
J 5 5 9 1 4 1B 18
J 5 5 9 1 4 1C 9
J 5 5 9 1 4 1F 2
J 5 5 9 1 4 1F 9
J 5 5 9 1 4 1F C
J 5 5 9 1 4 1F E
J 5 5 9 1 4 1F 17
J 5 5 9 1 4 1F 18
J 5 5 9 1 4 1F 19
J 5 5 6 10002 10002 7 1A
J 5 5 9 1 4 1F 1D
J 5 5 9 1 4 1F 22
J 5 5 9 1 4 22 A
J 5 5 9 1 4 22 16
J 5 5 9 1 5 2 6
J 5 5 9 1 5 2 A
J 5 5 9 1 5 2 B
J 5 5 9 1 5 2 1C
J 5 5 9 1 5 2 1D
J 5 5 9 1 5 2 1F
J 5 5 6 10002 10002 8 5
J 5 5 9 1 5 2 20
J 5 5 9 1 5 3 2
J 5 5 9 1 5 3 4
J 5 5 9 1 5 3 6
J 5 5 9 1 5 3 9
J 5 5 9 1 5 3 B
J 5 5 9 1 5 3 E
J 5 5 9 1 5 3 16
J 5 5 9 1 5 3 18
J 5 5 9 1 5 3 19
J 5 5 5 10001 10001 10002 2
J 5 5 6 10002 10002 8 6
J 5 5 9 1 5 3 1F
J 5 5 9 1 5 3 20
J 5 5 9 1 5 4 6
J 5 5 9 1 5 4 9
J 5 5 9 1 5 4 A
J 5 5 9 1 5 4 D
J 5 5 9 1 5 4 18
J 5 5 9 1 5 4 19
J 5 5 9 1 5 4 1C
J 5 5 9 1 5 9 F
J 5 5 6 10002 10002 10001 1
J 5 5 9 1 5 9 18
J 5 5 9 1 5 9 19
J 5 5 9 1 5 A 18
J 5 5 9 1 5 A 1F
J 5 5 9 1 5 A 20
J 5 5 9 1 5 B 18
J 5 5 9 1 5 11 6
J 5 5 9 1 5 11 C
J 5 5 9 1 5 11 D
J 5 5 9 1 5 11 F
J 5 5 6 10002 10002 10001 2
J 5 5 9 1 5 11 12
J 5 5 9 1 5 12 3
J 5 5 9 1 5 12 6
J 5 5 9 1 5 12 9
J 5 5 9 1 5 12 A
J 5 5 9 1 5 12 B
J 5 5 9 1 5 12 D
J 5 5 9 1 5 12 E
J 5 5 9 1 5 12 10
J 5 5 9 1 5 12 11
J 5 5 6 10002 10002 10001 3
J 5 5 9 1 5 12 16
J 5 5 9 1 5 12 17
J 5 5 9 1 5 12 18
J 5 5 9 1 5 12 19
J 5 5 9 1 5 12 1B
J 5 5 9 1 5 12 1C
J 5 5 9 1 5 12 1D
J 5 5 9 1 5 12 1F
J 5 5 9 1 5 12 20
J 5 5 9 1 5 12 22
J 5 5 6 10002 10002 10001 8
J 5 5 9 1 5 19 B
J 5 5 9 1 5 19 16
J 5 5 9 1 5 19 1F
J 5 5 9 1 5 1B 9
J 5 5 9 1 5 1B B
J 5 5 9 1 5 1B C
J 5 5 9 1 5 1B D
J 5 5 9 1 5 1B F
J 5 5 9 1 5 1B 12
J 5 5 9 1 5 1C 9
J 5 5 6 10002 10002 10001 9
J 5 5 9 1 5 1D 9
J 5 5 9 1 5 1D 18
J 5 5 9 1 5 1D 1F
J 5 5 9 1 5 1F 16
J 5 5 9 1 5 20 13
J 5 5 9 1 5 20 15
J 5 5 9 1 5 20 18
J 5 5 9 1 6 2 A
J 5 5 9 1 6 2 B
J 5 5 9 1 6 2 C
J 5 5 6 10002 10002 10001 B
J 5 5 9 1 6 2 E
J 5 5 9 1 6 2 1B
J 5 5 9 1 6 2 1D
J 5 5 9 1 6 2 20
J 5 5 9 1 6 2 22
J 5 5 9 1 6 3 9
J 5 5 9 1 6 3 B
J 5 5 9 1 6 3 C
J 5 5 9 1 6 3 E
J 5 5 9 1 6 3 16
J 5 5 6 10002 10002 10001 D
J 5 5 9 1 6 3 17
J 5 5 9 1 6 3 20
J 5 5 9 1 6 3 22
J 5 5 9 1 6 5 A
J 5 5 9 1 6 5 B
J 5 5 9 1 6 5 F
J 5 5 9 1 6 5 1B
J 5 5 9 1 6 6 C
J 5 5 9 1 6 6 17
J 5 5 9 1 6 6 20
J 5 5 6 10002 10002 10001 E
J 5 5 9 1 6 6 22
J 5 5 9 1 6 7 17
J 5 5 9 1 6 7 22
J 5 5 9 1 6 8 19
J 5 5 9 1 6 C 5
J 5 5 9 1 6 C A
J 5 5 9 1 6 C C
J 5 5 9 1 6 C D
J 5 5 9 1 6 C F
J 5 5 9 1 6 C 11
J 5 5 6 10002 10002 10001 F
J 5 5 9 1 6 D C
J 5 5 9 1 6 D 17
J 5 5 9 1 6 D 1B
J 5 5 9 1 6 D 1D
J 5 5 9 1 6 D 22
J 5 5 9 1 6 E 3
J 5 5 9 1 6 E A
J 5 5 9 1 6 E 10
J 5 5 9 1 6 E 11
J 5 5 9 1 6 E 16
J 5 5 4 10001 10001 10001 10001
J 5 5 5 10001 10001 10002 5
J 5 5 6 10002 10002 10001 11
J 5 5 9 1 6 E 18
J 5 5 9 1 6 E 1B
J 5 5 9 1 6 E 1C
J 5 5 9 1 6 E 1D
J 5 5 9 1 6 E 20
J 5 5 9 1 6 F 3
J 5 5 9 1 6 F 5
J 5 5 9 1 6 F 6
J 5 5 9 1 6 F 7
J 5 5 9 1 6 F 8
J 5 5 6 10002 10002 10001 14
J 5 5 9 1 6 F A
J 5 5 9 1 6 F C
J 5 5 9 1 6 F D
J 5 5 9 1 6 F E
J 5 5 9 1 6 F 11
J 5 5 9 1 6 F 12
J 5 5 9 1 6 11 C
J 5 5 9 1 6 11 22
J 5 5 9 1 8 9 5
J 5 5 9 1 8 9 13
J 5 5 6 10002 10002 10001 15
J 5 5 9 1 8 9 18
J 5 5 9 1 8 9 1B
J 5 5 9 1 8 9 1C
J 5 5 9 1 8 9 1D
J 5 5 9 1 8 9 22
J 5 5 9 1 8 A 11
J 5 5 9 1 8 A 12
J 5 5 9 1 8 A 14
J 5 5 9 1 9 C 16
J 5 5 9 1 9 C 18
J 5 5 6 10002 10002 10001 16
J 5 5 9 1 9 C 19
J 5 5 9 1 9 C 1F
J 5 5 9 1 9 C 20
J 5 5 9 1 9 C 22
J 5 5 9 1 9 D C
J 5 5 9 1 9 D D
J 5 5 9 1 9 D F
J 5 5 9 1 9 D 11
J 5 5 9 2 5 6 F
J 5 5 9 2 5 6 11
J 5 5 6 10002 10002 10002 1
J 5 5 9 2 5 6 19
J 5 5 9 2 5 7 10
J 5 5 9 2 5 7 13
J 5 5 9 2 5 9 10
J 5 5 9 2 5 9 11
J 5 5 9 2 5 9 20
J 5 5 9 2 5 C 1F
J 5 5 9 2 5 C 20
J 5 5 9 2 5 11 6
J 5 5 9 2 5 11 D
J 5 5 6 10002 10002 10002 2
J 5 5 9 2 5 11 11
J 5 5 9 2 5 11 13
J 5 5 9 2 5 11 14
J 5 5 9 2 5 12 1
J 5 5 9 2 5 12 5
J 5 5 9 2 5 12 6
J 5 5 9 2 5 12 7
J 5 5 9 2 C 13 D
J 5 5 9 2 10 C C
J 5 5 9 2 10 C D
J 5 5 6 10002 10002 10002 5
J 5 5 9 2 13 9 10
J 5 5 9 3 2 A 3
J 5 5 9 3 2 A 4
J 5 5 9 3 2 A 5
J 5 5 9 3 2 A A
J 5 5 9 3 2 A B
J 5 5 9 3 2 A C
J 5 5 9 3 2 A E
J 5 5 9 3 2 A F
J 5 5 9 3 2 B 12
J 5 5 6 10002 10002 10002 6
J 5 5 9 3 2 B 13
J 5 5 9 3 2 B 1F
J 5 5 9 3 2 B 22
J 5 5 9 3 2 C 11
J 5 5 9 3 2 C 13
J 5 5 9 3 2 C 14
J 5 5 9 3 2 D 11
J 5 5 9 3 2 D 12
J 5 5 9 3 2 D 1F
J 5 5 9 3 2 E D
J 5 5 6 10002 10002 10002 7
J 5 5 9 3 2 E E
J 5 5 9 3 2 E 11
J 5 5 9 3 2 E 14
J 5 5 9 3 2 11 1F
J 5 5 9 3 2 14 D
J 5 5 9 3 2 17 6
J 5 5 9 3 2 17 B
J 5 5 9 3 2 17 C
J 5 5 9 3 2 17 D
J 5 5 9 3 2 17 E
J 5 5 6 10002 10002 10002 8
J 5 5 9 3 2 17 11
J 5 5 9 3 2 17 12
J 5 5 9 3 2 17 13
J 5 5 9 3 2 17 14
J 5 5 9 3 2 17 1F
J 5 5 9 3 2 17 20
J 5 5 9 3 2 17 22
J 5 5 9 3 2 18 B
J 5 5 9 3 2 18 C
J 5 5 9 3 2 18 D
J 5 5 5 10001 10001 10002 7
J 5 5 6 20002 1 3 4
J 5 5 9 3 2 18 11
J 5 5 9 3 2 18 12
J 5 5 9 3 2 18 13
J 5 5 9 3 2 18 1F
J 5 5 9 3 2 18 20
J 5 5 9 3 2 18 22
J 5 5 9 3 2 19 5
J 5 5 9 3 2 19 7
J 5 5 9 3 2 19 8
J 5 5 9 3 2 19 9
J 5 5 6 20002 1 D 6
J 5 5 9 3 2 19 B
J 5 5 9 3 2 19 C
J 5 5 9 3 2 19 D
J 5 5 9 3 2 19 F
J 5 5 9 3 2 1B 1
J 5 5 9 3 2 1B 6
J 5 5 9 3 2 1B C
J 5 5 9 3 2 1B D
J 5 5 9 3 2 1B E
J 5 5 9 3 2 1B 11
J 5 5 6 20002 1 D 8
J 5 5 9 3 2 1B 13
J 5 5 9 3 2 1B 14
J 5 5 9 3 2 1B 18
J 5 5 9 3 2 1B 1C
J 5 5 9 3 2 1B 1F
J 5 5 9 3 2 1B 20
J 5 5 9 3 2 1B 22
J 5 5 9 3 2 1C 1
J 5 5 9 3 2 1C B
J 5 5 9 3 2 1C D
J 5 5 6 20002 1 D A
J 5 5 9 3 2 1C 11
J 5 5 9 3 2 1C 12
J 5 5 9 3 2 1C 14
J 5 5 9 3 2 1C 18
J 5 5 9 3 2 1C 1F
J 5 5 9 3 2 1C 20
J 5 5 9 3 2 1C 22
J 5 5 9 3 2 1F 14
J 5 5 9 3 2 20 D
J 5 5 9 3 2 20 13
J 5 5 6 20002 1 D B
J 5 5 9 3 2 20 1F
J 5 5 9 3 2 22 11
J 5 5 9 3 2 22 13
J 5 5 9 3 2 22 1F
J 5 5 9 3 2 22 20
J 5 5 9 3 4 5 22
J 5 5 9 3 4 6 5
J 5 5 9 3 4 6 6
J 5 5 9 3 4 6 9
J 5 5 9 3 4 6 D
J 5 5 6 20002 1 D C
J 5 5 9 3 4 6 E
J 5 5 9 3 4 6 10
J 5 5 9 3 4 6 12
J 5 5 9 3 4 6 13
J 5 5 9 3 4 6 14
J 5 5 9 3 4 6 16
J 5 5 9 3 4 6 17
J 5 5 9 3 4 6 18
J 5 5 9 3 4 6 19
J 5 5 9 3 4 6 1C
J 5 5 6 20002 1 11 7
J 5 5 9 3 4 6 1F
J 5 5 9 3 4 6 20
J 5 5 9 3 4 6 22
J 5 5 9 3 4 7 4
J 5 5 9 3 4 7 7
J 5 5 9 3 4 7 9
J 5 5 9 3 4 7 A
J 5 5 9 3 4 7 C
J 5 5 9 3 4 7 D
J 5 5 9 3 4 7 F
J 5 5 6 20002 1 11 10
J 5 5 9 3 4 8 14
J 5 5 9 3 4 9 14
J 5 5 9 3 4 A A
J 5 5 9 3 4 A B
J 5 5 9 3 4 C 5
J 5 5 9 3 4 C 6
J 5 5 9 3 4 C 9
J 5 5 9 3 4 C C
J 5 5 9 3 4 C D
J 5 5 9 3 4 C E
J 5 5 6 20002 2 1 3
J 5 5 9 3 4 C 13
J 5 5 9 3 4 C 14
J 5 5 9 3 4 C 17
J 5 5 9 3 4 C 18
J 5 5 9 3 4 C 19
J 5 5 9 3 4 C 1C
J 5 5 9 3 4 C 1F
J 5 5 9 3 4 C 22
J 5 5 9 3 4 D 6
J 5 5 9 3 4 D 9
J 5 5 6 20002 2 1 7
J 5 5 9 3 4 D C
J 5 5 9 3 4 D D
J 5 5 9 3 4 D E
J 5 5 9 3 4 D 13
J 5 5 9 3 4 D 18
J 5 5 9 3 4 D 1C
J 5 5 9 3 4 D 22
J 5 5 9 3 4 E 18
J 5 5 9 3 4 12 F
J 5 5 9 3 5 2 4
J 5 5 5 10001 10001 10002 B
J 5 5 6 20002 2 1 8
J 5 5 9 3 5 2 6
J 5 5 9 3 5 2 D
J 5 5 9 3 5 2 E
J 5 5 9 3 5 2 11
J 5 5 9 3 5 2 13
J 5 5 9 3 5 2 14
J 5 5 9 3 5 2 1F
J 5 5 9 3 5 2 20
J 5 5 9 3 5 4 9
J 5 5 9 3 5 4 B
J 5 5 6 20002 2 1 A
J 5 5 9 3 5 4 D
J 5 5 9 3 5 4 11
J 5 5 9 3 5 4 13
J 5 5 9 3 5 4 14
J 5 5 9 3 5 4 18
J 5 5 9 3 5 9 1F
J 5 5 9 3 5 9 20
J 5 5 9 3 5 B 11
J 5 5 9 3 5 10 B
J 5 5 9 3 5 10 16
J 5 5 6 20002 2 1 B
J 5 5 9 3 5 10 20
J 5 5 9 3 5 12 B
J 5 5 9 3 5 12 C
J 5 5 9 3 5 12 D
J 5 5 9 3 5 12 F
J 5 5 9 3 5 13 B
J 5 5 9 3 5 14 16
J 5 5 9 3 5 14 18
J 5 5 9 3 5 14 1F
J 5 5 9 3 5 18 20
J 5 5 6 20002 2 1 D
J 5 5 9 3 5 19 D
J 5 5 9 3 5 19 17
J 5 5 9 3 5 20 A
J 5 5 9 3 5 20 C
J 5 5 9 3 5 20 F
J 5 5 9 3 5 20 11
J 5 5 9 3 B 11 5
J 5 5 9 3 F C 16
J 5 5 9 3 F C 19
J 5 5 9 3 F 12 C
J 5 5 6 20002 2 1 F
J 5 5 6 20002 2 1 10
J 5 5 6 20002 2 1 11
J 5 5 6 20002 2 4 B
J 5 5 6 20002 2 4 C
J 5 5 6 20002 2 5 9
J 5 5 5 10001 10001 10002 10002
J 5 5 6 20002 2 5 C
J 5 5 6 20002 10001 1 3
J 5 5 6 20002 10001 1 6
J 5 5 6 20002 10001 1 8
J 5 5 6 20002 10001 1 9
J 5 5 6 20002 10001 1 E
J 5 5 6 20002 10001 1 10
J 5 5 6 20002 10001 1 11
J 5 5 6 20002 10001 1 12
J 5 5 6 20002 10001 2 1
J 5 5 5 10001 10002 1 2
J 5 5 6 20002 10001 2 3
J 5 5 6 20002 10001 2 7
J 5 5 6 20002 10001 2 8
J 5 5 6 20002 10001 2 9
J 5 5 6 20002 10001 2 B
J 5 5 6 20002 10001 2 C
J 5 5 6 20002 10001 2 E
J 5 5 6 20002 10001 2 10
J 5 5 6 20002 10001 2 11
J 5 5 6 20002 10001 2 12
J 5 5 5 10001 10002 1 5
J 5 5 6 20002 10001 3 6
J 5 5 6 20002 10001 3 18
J 5 5 6 20002 10001 E 6
J 5 5 6 20002 10001 E C
J 5 5 6 20002 10001 E 12
J 5 5 6 20002 10001 E 15
J 5 5 6 20002 10001 E 18
J 5 5 6 20002 10001 E 19
J 5 5 6 20002 10002 1 3
J 5 5 6 20002 10002 1 8
J 5 5 5 10001 10002 1 6
J 5 5 6 20002 10002 1 9
J 5 5 6 20002 10002 1 A
J 5 5 6 20002 10002 1 D
J 5 5 6 20002 10002 1 10
J 5 5 6 20002 10002 1 13
J 5 5 6 20002 10002 1 14
J 5 5 6 20002 10002 1 15
J 5 5 6 20002 10002 1 16
J 5 5 6 20002 10002 1 17
J 5 5 6 20002 10002 2 1
J 5 5 5 10001 10002 1 7
J 5 5 6 20002 10002 2 5
J 5 5 6 20002 10002 2 6
J 5 5 6 20002 10002 2 7
J 5 5 6 20002 10002 5 E
J 5 5 6 20002 10002 6 A
J 5 5 6 20002 10002 6 E
J 5 5 6 20002 10002 7 9
J 5 5 6 20002 10002 7 C
J 5 5 6 20002 10002 7 D
J 5 5 6 20002 10002 7 13
J 5 5 5 10001 10002 1 B
J 5 5 6 20002 10002 7 14
J 5 5 6 20002 10002 7 16
J 5 5 7 2 1 D 8
J 5 5 7 2 1 D A
J 5 5 7 2 1 D 13
J 5 5 7 2 1 E 5
J 5 5 7 2 1 E 8
J 5 5 7 2 1 10 8
J 5 5 7 2 1 10 A
J 5 5 7 2 1 10 E
J 5 5 6 10001 1 2 3
J 5 5 7 2 1 10 13
J 5 5 7 2 3 4 4
J 5 5 7 2 3 4 13
J 5 5 7 2 3 5 3
J 5 5 7 2 4 1 3
J 5 5 7 2 4 1 8
J 5 5 7 2 4 1 A
J 5 5 7 2 4 1 13
J 5 5 7 2 4 10 1
J 5 5 7 2 4 10 7
J 5 5 5 10001 10001 1 2
J 5 5 6 10001 1 2 7
J 5 5 7 2 4 10 9
J 5 5 7 2 4 10 B
J 5 5 7 10001 1 2 3
J 5 5 7 10001 1 2 4
J 5 5 7 10001 1 2 8
J 5 5 7 10001 1 2 9
J 5 5 7 10001 1 2 A
J 5 5 7 10001 1 2 B
J 5 5 7 10001 1 2 E
J 5 5 7 10001 1 2 F
J 5 5 6 10001 1 2 8
J 5 5 7 10001 1 2 11
J 5 5 7 10001 1 2 12
J 5 5 7 10001 1 2 14
J 5 5 7 10001 1 3 12
J 5 5 7 10001 1 3 14
J 5 5 7 10001 1 4 3
J 5 5 7 10001 1 4 8
J 5 5 7 10001 1 4 9
J 5 5 7 10001 1 4 D
J 5 5 7 10001 1 4 E
J 5 5 6 10001 1 2 9
J 5 5 7 10001 1 4 11
J 5 5 7 10001 1 4 14
J 5 5 7 10001 1 6 3
J 5 5 7 10001 1 6 4
J 5 5 7 10001 1 6 A
J 5 5 7 10001 1 6 B
J 5 5 7 10001 1 6 F
J 5 5 7 10001 1 6 13
J 5 5 7 10001 1 6 14
J 5 5 7 10001 1 6 15
J 5 5 6 10001 1 2 C
J 5 5 7 10001 1 6 17
J 5 5 7 10001 1 6 1A
J 5 5 7 10001 1 6 1B
J 5 5 7 10001 1 7 17
J 5 5 7 10001 1 7 18
J 5 5 7 10001 1 8 3
J 5 5 7 10001 1 8 4
J 5 5 7 10001 1 8 6
J 5 5 7 10001 1 8 7
J 5 5 7 10001 1 8 A
J 5 5 6 10001 1 2 E
J 5 5 7 10001 1 8 B
J 5 5 7 10001 1 B A
J 5 5 7 10001 2 3 12
J 5 5 7 10001 2 3 14
J 5 5 7 10001 2 4 3
J 5 5 7 10001 2 4 11
J 5 5 7 10001 2 4 14
J 5 5 7 10001 2 E 14
J 5 5 7 10001 2 F 5
J 5 5 7 10001 2 F 6
J 5 5 6 10001 1 3 7
J 5 5 7 10001 2 F 8
J 5 5 7 10001 2 F 9
J 5 5 7 10001 2 11 8
J 5 5 7 10001 2 11 A
J 5 5 7 10001 2 11 14
J 5 5 7 10001 2 12 9
J 5 5 7 10001 2 12 D
J 5 5 7 10001 2 12 11
J 5 5 7 10001 2 12 14
J 5 5 7 10001 3 4 12
J 5 5 6 10001 1 3 B
J 5 5 7 10001 3 D 4
J 5 5 7 10001 3 D 7
J 5 5 7 10001 3 D 9
J 5 5 7 10001 3 D A
J 5 5 7 10001 3 D B
J 5 5 7 10001 3 D 11
J 5 5 7 10001 3 D 12
J 5 5 7 10001 3 D 14
J 5 5 7 10001 3 14 11
J 5 5 7 10001 3 14 12
J 5 5 6 10001 1 5 3
J 5 5 7 10001 4 8 1B
J 5 5 7 10001 4 14 9
J 5 5 7 10001 A 12 8
J 5 5 7 10001 10001 1 2
J 5 5 7 10001 10001 1 3
J 5 5 7 10001 10001 1 4
J 5 5 7 10001 10001 1 6
J 5 5 7 10001 10001 1 7
J 5 5 7 10001 10001 1 8
J 5 5 7 10001 10001 1 A
J 5 5 6 10001 1 5 9
J 5 5 7 10001 10001 1 B
J 5 5 7 10001 10001 2 3
J 5 5 7 10001 10001 2 4
J 5 5 7 10001 10001 2 8
J 5 5 7 10001 10001 2 9
J 5 5 7 10001 10001 2 A
J 5 5 7 10001 10001 2 B
J 5 5 7 10001 10001 2 E
J 5 5 7 10001 10001 2 F
J 5 5 7 10001 10001 2 11
J 5 5 6 10001 1 5 A
J 5 5 7 10001 10001 2 12
J 5 5 7 10001 10001 2 14
J 5 5 7 10001 10001 3 12
J 5 5 7 10001 10001 3 14
J 5 5 7 10001 10001 4 3
J 5 5 7 10001 10001 4 8
J 5 5 7 10001 10001 4 D
J 5 5 7 10001 10001 4 E
J 5 5 7 10001 10001 4 11
J 5 5 7 10001 10001 4 14
J 5 5 5 10001 10001 1 4
J 5 5 6 10001 1 5 14
J 5 5 7 10001 10001 6 3
J 5 5 7 10001 10001 6 4
J 5 5 7 10001 10001 6 A
J 5 5 7 10001 10001 6 F
J 5 5 7 10001 10001 6 13
J 5 5 7 10001 10001 6 14
J 5 5 7 10001 10001 6 17
J 5 5 7 10001 10001 6 1A
J 5 5 7 10001 10001 6 1B
J 5 5 7 10001 10001 7 17
J 5 5 6 10001 1 6 8
J 5 5 7 10001 10001 8 3
J 5 5 7 10001 10001 8 4
J 5 5 7 10001 10001 8 8
J 5 5 7 10001 10001 8 C
J 5 5 7 10001 10001 8 D
J 5 5 7 10001 10001 8 E
J 5 5 7 10001 10001 8 10
J 5 5 7 10001 10001 B A
J 5 5 7 10001 10004 1 2
J 5 5 7 10001 10004 1 3
J 5 5 6 10001 1 6 B
J 5 5 7 10001 10004 1 4
J 5 5 7 10001 10004 1 7
J 5 5 7 10001 10004 1 8
J 5 5 7 10001 10004 1 9
J 5 5 7 10001 10004 1 B
J 5 5 7 10001 10004 1 D
J 5 5 7 10001 10004 1 E
J 5 5 7 10001 10004 1 11
J 5 5 7 10001 10004 2 3
J 5 5 7 10001 10004 2 11
J 5 5 6 10001 1 7 3
J 5 5 7 10001 10004 B 4
J 5 5 7 10001 10004 B 5
J 5 5 7 10001 10004 B 7
J 5 5 7 10001 10004 B 8
J 5 5 7 10001 10004 B A
J 5 5 7 10001 1000A 1 2
J 5 5 7 10001 1000A 1 4
J 5 5 7 10001 1000A 1 7
J 5 5 7 10001 1000A 1 9
J 5 5 7 10001 1000A 1 A
J 5 5 6 10001 1 9 7
J 5 5 7 10001 1000A 1 B
J 5 5 7 10001 1000A 1 F
J 5 5 7 10001 1000A 1 11
J 5 5 7 10001 1000A 1 12
J 5 5 7 10001 1000A 1 15
J 5 5 7 10001 1000A 2 4
J 5 5 7 10001 1000A 2 E
J 5 5 7 10001 1000A 2 F
J 5 5 7 10001 1000A 2 11
J 5 5 7 10001 1000A 2 12
J 5 5 6 10001 2 C 4
J 5 5 7 10001 1000A 4 C
J 5 5 7 10001 1000A C 12
J 5 5 7 10002 1 4 17
J 5 5 7 10002 1 A F
J 5 5 7 10002 1 F 10
J 5 5 7 10002 1 F 11
J 5 5 7 10002 1 13 9
J 5 5 7 10002 1 13 B
J 5 5 7 10002 1 13 C
J 5 5 7 10002 1 13 F
J 5 5 6 10001 2 C 5
J 5 5 7 10002 1 13 17
J 5 5 7 10002 1 13 1B
J 5 5 7 10002 2 1 4
J 5 5 7 10002 2 1 9
J 5 5 7 10002 2 1 A
J 5 5 7 10002 2 1 B
J 5 5 7 10002 2 1 C
J 5 5 7 10002 2 1 E
J 5 5 7 10002 2 1 F
J 5 5 7 10002 2 1 10
J 5 5 6 10001 2 C 6
J 5 5 7 10002 2 1 11
J 5 5 7 10002 2 1 13
J 5 5 7 10002 2 1 17
J 5 5 7 10002 2 1 18
J 5 5 7 10002 2 1 1A
J 5 5 7 10002 2 1 1B
J 5 5 7 10002 2 3 1
J 5 5 7 10002 2 3 4
J 5 5 7 10002 2 3 8
J 5 5 7 10002 2 3 9
J 5 5 6 10001 2 C 8
J 5 5 7 10002 2 3 A
J 5 5 7 10002 2 3 B
J 5 5 7 10002 2 3 C
J 5 5 7 10002 2 3 F
J 5 5 7 10002 2 3 10
J 5 5 7 10002 2 3 11
J 5 5 7 10002 2 3 14
J 5 5 7 10002 2 3 17
J 5 5 7 10002 2 3 18
J 5 5 7 10002 2 3 1A
J 5 5 6 10001 2 E 7
J 5 5 7 10002 2 3 1B
J 5 5 7 10002 2 4 A
J 5 5 7 10002 2 4 B
J 5 5 7 10002 2 4 F
J 5 5 7 10002 2 4 13
J 5 5 7 10002 2 4 1A
J 5 5 7 10002 2 8 4
J 5 5 7 10002 2 8 F
J 5 5 7 10002 2 A F
J 5 5 7 10002 2 A 13
J 5 5 5 10001 10001 1 5
J 5 5 6 10001 3 B 5
J 5 5 7 10002 2 A 17
J 5 5 7 10002 2 B 4
J 5 5 7 10002 2 B 9
J 5 5 7 10002 2 B A
J 5 5 7 10002 2 B B
J 5 5 7 10002 2 B F
J 5 5 7 10002 2 B 13
J 5 5 7 10002 2 B 1A
J 5 5 7 10002 2 D 8
J 5 5 7 10002 2 D B
J 5 5 6 10001 3 B 7
J 5 5 7 10002 2 E 4
J 5 5 7 10002 2 E 9
J 5 5 7 10002 2 E B
J 5 5 7 10002 2 E E
J 5 5 7 10002 2 E 10
J 5 5 7 10002 2 E 11
J 5 5 7 10002 2 E 17
J 5 5 7 10002 2 F 9
J 5 5 7 10002 3 1 4
J 5 5 7 10002 3 1 A
J 5 5 6 10001 3 B 9
J 5 5 7 10002 3 1 1A
J 5 5 7 10002 3 8 4
J 5 5 7 10002 3 8 9
J 5 5 7 10002 3 8 F
J 5 5 7 10002 3 8 10
J 5 5 7 10002 3 8 11
J 5 5 7 10002 3 8 1A
J 5 5 7 10002 3 8 1B
J 5 5 7 10002 3 14 1
J 5 5 7 10002 3 14 8
J 5 5 6 10001 9 7 3
J 5 5 7 10002 3 14 9
J 5 5 7 10002 3 14 B
J 5 5 7 10002 3 14 D
J 5 5 7 10002 3 17 1
J 5 5 7 10002 3 17 8
J 5 5 7 10002 3 17 A
J 5 5 7 10002 3 17 C
J 5 5 7 10002 3 17 F
J 5 5 7 10002 3 17 1A
J 5 5 7 10002 4 A A
J 5 5 6 10001 9 7 6
J 5 5 7 10002 4 B C
J 5 5 7 10002 4 13 1
J 5 5 7 10002 4 13 8
J 5 5 7 10002 4 13 A
J 5 5 7 10002 4 13 B
J 5 5 7 10002 4 13 D
J 5 5 7 10002 4 13 E
J 5 5 7 10002 10001 1 3
J 5 5 7 10002 10001 1 4
J 5 5 7 10002 10001 1 8
J 5 5 6 10001 10001 1 2
J 5 5 7 10002 10001 1 A
J 5 5 7 10002 10001 1 B
J 5 5 7 10002 10001 1 D
J 5 5 7 10002 10001 1 10
J 5 5 7 10002 10001 1 14
J 5 5 7 10002 10001 1 15
J 5 5 7 10002 10001 1 18
J 5 5 7 10002 10001 1 19
J 5 5 7 10002 10001 1 1B
J 5 5 7 10002 10001 1 1C
J 5 5 6 10001 10001 1 3
J 5 5 7 10002 10001 2 1
J 5 5 7 10002 10001 2 3
J 5 5 7 10002 10001 2 4
J 5 5 7 10002 10001 2 A
J 5 5 7 10002 10001 2 B
J 5 5 7 10002 10001 2 D
J 5 5 7 10002 10001 2 F
J 5 5 7 10002 10001 2 10
J 5 5 7 10002 10001 2 11
J 5 5 7 10002 10001 2 12
J 5 5 6 10001 10001 1 5
J 5 5 7 10002 10001 2 14
J 5 5 7 10002 10001 2 15
J 5 5 7 10002 10001 2 18
J 5 5 7 10002 10001 2 19
J 5 5 7 10002 10001 2 1B
J 5 5 7 10002 10001 2 1C
J 5 5 7 10002 10001 3 4
J 5 5 7 10002 10001 3 15
J 5 5 7 10002 10001 3 18
J 5 5 7 10002 10001 3 1B
J 5 5 6 10001 10001 1 6
J 5 5 7 10002 10001 4 14
J 5 5 7 10002 10001 4 18
J 5 5 7 10002 10001 10 11
J 5 5 7 10002 10001 10 12
J 5 5 7 10002 10001 14 9
J 5 5 7 10002 10001 14 B
J 5 5 7 10002 10001 14 10
J 5 5 7 10002 10001 14 18
J 5 5 7 10002 10001 15 A
J 5 5 7 10002 10001 15 F
J 5 5 6 10001 10001 1 7
J 5 5 7 10002 10001 15 14
J 5 5 7 10002 10001 15 18
J 5 5 7 10002 10001 15 19
J 5 5 7 10002 10001 15 1B
J 5 5 7 10002 10002 1 4
J 5 5 7 10002 10002 1 9
J 5 5 7 10002 10002 1 A
J 5 5 7 10002 10002 1 B
J 5 5 7 10002 10002 1 C
J 5 5 7 10002 10002 1 F
J 5 5 5 10001 10001 2 6
J 5 5 6 10001 10001 1 9
J 5 5 7 10002 10002 1 10
J 5 5 7 10002 10002 1 13
J 5 5 7 10002 10002 1 17
J 5 5 7 10002 10002 1 18
J 5 5 7 10002 10002 1 1A
J 5 5 7 10002 10002 1 1B
J 5 5 7 10002 10002 1 1C
J 5 5 7 10002 10002 2 1
J 5 5 7 10002 10002 2 3
J 5 5 7 10002 10002 2 4
J 5 5 6 10001 10001 2 3
J 5 5 7 10002 10002 2 8
J 5 5 7 10002 10002 2 9
J 5 5 7 10002 10002 2 A
J 5 5 7 10002 10002 2 B
J 5 5 7 10002 10002 2 D
J 5 5 7 10002 10002 2 E
J 5 5 7 10002 10002 2 F
J 5 5 7 10002 10002 2 10
J 5 5 7 10002 10002 3 1
J 5 5 7 10002 10002 3 4
J 5 5 6 10001 10001 2 7
J 5 5 7 10002 10002 3 8
J 5 5 7 10002 10002 3 9
J 5 5 7 10002 10002 3 A
J 5 5 7 10002 10002 3 B
J 5 5 7 10002 10002 3 C
J 5 5 7 10002 10002 3 F
J 5 5 7 10002 10002 3 10
J 5 5 7 10002 10002 3 11
J 5 5 7 10002 10002 3 14
J 5 5 7 10002 10002 3 17
J 5 5 6 10001 10001 2 8
J 5 5 7 10002 10002 3 1A
J 5 5 7 10002 10002 3 1B
J 5 5 7 10002 10002 3 1C
J 5 5 7 10002 10002 4 A
J 5 5 7 10002 10002 4 B
J 5 5 7 10002 10002 4 13
J 5 5 7 10002 10002 8 4
J 5 5 7 10002 10002 8 F
J 5 5 7 10002 10002 A F
J 5 5 7 10002 10002 A 13
J 5 5 6 10001 10001 2 9
J 5 5 7 10002 10002 B 4
J 5 5 7 10002 10002 B B
J 5 5 7 10002 10002 B C
J 5 5 7 10002 10002 B 11
J 5 5 7 10002 10002 B 16
J 5 5 7 10002 10002 B 1F
J 5 5 7 10002 10002 B 20
J 5 5 7 10002 10002 D B
J 5 5 7 10002 10002 E 4
J 5 5 7 10002 10002 E B
J 5 5 6 10001 10001 2 C
J 5 5 7 10002 10002 E C
J 5 5 7 10002 10002 E E
J 5 5 7 10002 10002 E 11
J 5 5 7 10002 10002 E 12
J 5 5 7 10002 10002 E 14
J 5 5 7 10002 10002 E 1B
J 5 5 7 10002 10002 E 22
J 5 5 7 10002 10002 F A
J 5 5 7 10002 10002 F 13
J 5 5 7 10002 10002 10 4
J 5 5 6 10001 10001 2 E
J 5 5 7 10002 10002 10 8
J 5 5 7 10002 10002 10 9
J 5 5 7 10002 10002 10 A
J 5 5 7 10002 10002 10 D
J 5 5 7 10002 10002 10 F
J 5 5 7 10002 10003 1 4
J 5 5 7 10002 10003 2 1
J 5 5 7 10002 10003 2 3
J 5 5 7 10002 10003 2 4
J 5 5 7 10002 10003 2 9
J 5 5 6 10001 10001 3 B
J 5 5 7 10002 10003 2 A
J 5 5 7 10002 10003 2 B
J 5 5 7 10002 10003 2 C
J 5 5 7 10002 10003 2 D
J 5 5 7 10002 10003 2 E
J 5 5 7 10002 10003 2 10
J 5 5 7 10002 10003 2 11
J 5 5 7 10002 10003 2 12
J 5 5 7 10002 10003 2 13
J 5 5 7 10002 10003 2 14
J 5 5 6 10001 10001 5 3
J 5 5 7 10002 10003 2 1B
J 5 5 7 10002 10003 2 1C
J 5 5 7 10002 10003 2 20
J 5 5 7 10002 10003 2 21
J 5 5 7 10002 10003 2 22
J 5 5 7 10002 10003 5 4
J 5 5 7 10002 10003 5 12
J 5 5 7 10002 10003 5 13
J 5 5 7 10002 10003 5 14
J 5 5 7 10002 10003 5 1B
J 5 5 6 10001 10001 5 10
J 5 5 7 10002 10003 5 20
J 5 5 7 10002 10003 5 21
J 5 5 7 10002 10003 5 22
J 5 5 7 10002 10004 2 1
J 5 5 7 10002 10004 2 3
J 5 5 7 10002 10004 2 4
J 5 5 7 10002 10004 2 8
J 5 5 7 10002 10004 2 9
J 5 5 7 10002 10004 2 A
J 5 5 7 10002 10004 2 C
J 5 5 5 10001 10001 2 7
J 5 5 6 10001 10001 5 14
J 5 5 7 10002 10004 2 E
J 5 5 7 10002 10004 2 F
J 5 5 7 10002 10004 2 11
J 5 5 7 10002 10004 2 13
J 5 5 7 10002 10004 2 18
J 5 5 7 10002 10004 2 1A
J 5 5 7 10002 10004 3 1
J 5 5 7 10002 10004 3 8
J 5 5 7 10002 10004 4 1
J 5 5 7 10002 10004 4 3
J 5 5 6 10001 10001 6 C
J 5 5 7 10002 10004 4 8
J 5 5 7 10002 10004 4 A
J 5 5 7 10002 10004 4 B
J 5 5 7 10002 10004 4 13
J 5 5 7 10002 10004 4 14
J 5 5 7 10002 10004 4 17
J 5 5 7 10002 10004 4 1C
J 5 5 7 10002 10004 8 A
J 5 5 7 10002 10004 8 E
J 5 5 7 10002 10004 8 11
J 5 5 6 10001 10001 7 3
J 5 5 7 10002 10004 8 18
J 5 5 7 10002 10004 A 12
J 5 5 7 10002 10004 13 1
J 5 5 7 10002 10004 13 8
J 5 5 7 10002 10004 13 9
J 5 5 7 10002 10004 13 B
J 5 5 7 10002 10004 13 C
J 5 5 7 10002 10004 13 E
J 5 5 7 10002 10004 13 10
J 5 5 7 10002 10004 13 11
J 5 5 6 10001 10001 7 7
J 5 5 7 10002 10004 13 17
J 5 5 7 10002 10004 13 18
J 5 5 7 10002 10004 13 1B
J 5 5 7 10002 10004 13 1C
J 5 5 7 10002 1000D 2 1
J 5 5 7 10002 1000D 2 3
J 5 5 7 10002 1000D 2 8
J 5 5 7 10002 1000D 2 9
J 5 5 7 10002 1000D 2 A
J 5 5 7 10002 1000D 2 B
J 5 5 6 10001 10001 7 B
J 5 5 7 10002 1000D 2 D
J 5 5 7 10002 1000D 2 E
J 5 5 7 10002 1000D 2 10
J 5 5 7 10002 1000D 3 1
J 5 5 7 10002 1000D 3 8
J 5 5 7 10002 1000D 3 C
J 5 5 7 10002 1000D 3 11
J 5 5 7 10002 1000D 3 14
J 5 5 7 10002 1000D 3 17
J 5 5 7 10002 1000D 3 1A
J 5 5 6 10001 10001 7 C
J 5 5 7 10002 1000D D 1
J 5 5 7 10002 1000D D 4
J 5 5 7 10002 1000D D B
J 5 5 7 10002 1000D D 10
J 5 5 7 20002 1 4 1B
J 5 5 7 20002 1 4 1D
J 5 5 7 20002 1 4 21
J 5 5 7 20002 1 7 4
J 5 5 7 20002 1 7 13
J 5 5 7 20002 1 7 16
J 5 5 6 10001 10001 7 D
J 5 5 7 20002 1 B 1D
J 5 5 7 20002 1 16 1B
J 5 5 7 20002 1 16 1C
J 5 5 7 20002 1 16 1D
J 5 5 7 20002 1 16 20
J 5 5 7 20002 1 16 21
J 5 5 7 20002 1 16 22
J 5 5 7 20002 1 18 4
J 5 5 7 20002 1 18 9
J 5 5 7 20002 1 18 A
J 5 5 6 10001 10001 10001 1
J 5 5 7 20002 1 18 B
J 5 5 7 20002 1 18 D
J 5 5 7 20002 1 18 F
J 5 5 7 20002 1 18 13
J 5 5 7 20002 1 1F 1D
J 5 5 7 20002 1 21 B
J 5 5 7 20002 1 21 1B
J 5 5 7 20002 2 1 4
J 5 5 7 20002 2 1 7
J 5 5 7 20002 2 1 A
J 5 5 6 10001 10001 10001 2
J 5 5 7 20002 2 1 B
J 5 5 7 20002 2 1 C
J 5 5 7 20002 2 1 D
J 5 5 7 20002 2 1 E
J 5 5 7 20002 2 1 10
J 5 5 7 20002 2 1 11
J 5 5 7 20002 2 1 12
J 5 5 7 20002 2 1 13
J 5 5 7 20002 2 1 14
J 5 5 7 20002 2 1 16
J 5 5 6 10001 10001 10001 3
J 5 5 7 20002 2 1 18
J 5 5 7 20002 2 1 1B
J 5 5 7 20002 2 1 1C
J 5 5 7 20002 2 1 1D
J 5 5 7 20002 2 1 1F
J 5 5 7 20002 2 1 20
J 5 5 7 20002 2 1 21
J 5 5 7 20002 2 1 22
J 5 5 7 20002 2 3 1
J 5 5 7 20002 2 3 4
J 5 5 5 10001 10001 4 8
J 5 5 6 10001 10001 10001 5
J 5 5 7 20002 2 3 7
J 5 5 7 20002 2 3 8
J 5 5 7 20002 2 3 9
J 5 5 7 20002 2 3 A
J 5 5 7 20002 2 3 B
J 5 5 7 20002 2 3 C
J 5 5 7 20002 2 3 E
J 5 5 7 20002 2 3 F
J 5 5 7 20002 2 3 10
J 5 5 7 20002 2 3 11
J 5 5 6 10001 10001 10001 6
J 5 5 7 20002 2 3 14
J 5 5 7 20002 2 3 16
J 5 5 7 20002 2 4 8
J 5 5 7 20002 2 4 9
J 5 5 7 20002 2 4 A
J 5 5 7 20002 2 4 B
J 5 5 7 20002 2 4 F
J 5 5 7 20002 2 4 13
J 5 5 7 20002 2 7 D
J 5 5 7 20002 2 7 E
J 5 5 6 10001 10001 10001 7
J 5 5 7 20002 2 7 11
J 5 5 7 20002 2 7 1C
J 5 5 7 20002 2 7 1F
J 5 5 7 20002 2 7 20
J 5 5 7 20002 2 7 22
J 5 5 7 20002 2 8 1F
J 5 5 7 20002 2 8 20
J 5 5 7 20002 2 9 D
J 5 5 7 20002 2 9 11
J 5 5 7 20002 2 9 16
J 5 5 6 10001 10001 10001 9
J 5 5 7 20002 2 9 1B
J 5 5 7 20002 2 9 1C
J 5 5 7 20002 2 9 1D
J 5 5 7 20002 2 9 1F
J 5 5 7 20002 2 9 20
J 5 5 7 20002 2 9 21
J 5 5 7 20002 2 A 9
J 5 5 7 20002 2 A F
J 5 5 7 20002 2 A 11
J 5 5 7 20002 2 A 13
J 5 5 6 10001 10001 10002 1
J 5 5 7 20002 2 B 4
J 5 5 7 20002 2 B A
J 5 5 7 20002 2 B F
J 5 5 7 20002 2 B 11
J 5 5 7 20002 2 D 7
J 5 5 7 20002 2 D A
J 5 5 7 20002 2 D B
J 5 5 7 20002 3 1 4
J 5 5 7 20002 3 1 7
J 5 5 7 20002 3 1 B
J 5 5 6 10001 10001 10002 2
J 5 5 7 20002 3 1 20
J 5 5 7 20002 3 4 B
J 5 5 7 20002 3 4 11
J 5 5 7 20002 3 7 4
J 5 5 7 20002 3 7 7
J 5 5 7 20002 3 7 11
J 5 5 7 20002 3 7 12
J 5 5 7 20002 3 7 13
J 5 5 7 20002 3 7 14
J 5 5 7 20002 3 7 18
J 5 5 6 10001 10001 10002 3
J 5 5 7 20002 3 7 1F
J 5 5 7 20002 3 7 20
J 5 5 7 20002 3 7 21
J 5 5 7 20002 3 7 22
J 5 5 7 20002 3 B F
J 5 5 7 20002 3 B 11
J 5 5 7 20002 3 14 1
J 5 5 7 20002 3 14 7
J 5 5 7 20002 3 14 8
J 5 5 7 20002 3 14 9
J 5 5 6 10001 10001 10002 9
J 5 5 7 20002 3 16 1
J 5 5 7 20002 3 16 7
J 5 5 7 20002 3 16 9
J 5 5 7 20002 3 16 B
J 5 5 7 20002 3 16 F
J 5 5 7 20002 3 16 11
J 5 5 7 20002 3 16 14
J 5 5 7 20002 4 A E
J 5 5 7 20002 4 A 11
J 5 5 7 20002 4 A 15
J 5 5 6 10001 10001 10002 A
J 5 5 7 20002 4 B E
J 5 5 7 20002 4 B 11
J 5 5 7 20002 4 B 16
J 5 5 7 20002 4 13 1
J 5 5 7 20002 4 13 7
J 5 5 7 20002 4 13 9
J 5 5 7 20002 4 13 A
J 5 5 7 20002 4 13 B
J 5 5 7 20002 4 13 D
J 5 5 7 20002 4 16 E
J 5 5 6 10001 10001 10002 11
J 5 5 7 20002 8 1D 21
J 5 5 8 1 2 F 5
J 5 5 8 1 2 F C
J 5 5 8 1 2 F 17
J 5 5 8 1 2 F 18
J 5 5 8 1 2 F 1A
J 5 5 8 1 2 10 9
J 5 5 8 1 2 10 17
J 5 5 8 1 2 10 18
J 5 5 8 1 2 10 1A
J 5 5 5 10001 10001 4 D
J 5 5 6 10001 10001 10002 14
J 5 5 8 1 2 11 4
J 5 5 8 1 2 11 6
J 5 5 8 1 2 11 7
J 5 5 8 1 2 11 9
J 5 5 8 1 2 11 A
J 5 5 8 1 2 11 B
J 5 5 8 1 2 11 D
J 5 5 8 1 2 13 5
J 5 5 8 1 2 13 9
J 5 5 8 1 2 13 B
J 5 5 6 10001 10001 10002 15
J 5 5 8 1 2 13 C
J 5 5 8 1 2 13 10
J 5 5 8 1 2 13 14
J 5 5 8 1 2 13 17
J 5 5 8 1 2 13 1A
J 5 5 8 1 2 14 9
J 5 5 8 1 2 14 A
J 5 5 8 1 2 14 C
J 5 5 8 1 2 14 17
J 5 5 8 1 2 14 18
J 5 5 6 10001 10001 10003 1
J 5 5 8 1 2 14 1A
J 5 5 8 1 2 18 17
J 5 5 8 1 2 1A 9
J 5 5 8 1 2 1A B
J 5 5 8 1 2 1A 17
J 5 5 8 1 2 1A 18
J 5 5 8 1 3 2 A
J 5 5 8 1 3 2 B
J 5 5 8 1 3 2 14
J 5 5 8 1 3 2 15
J 5 5 6 10001 10001 10003 2
J 5 5 8 1 3 2 1A
J 5 5 8 1 3 5 2
J 5 5 8 1 3 5 5
J 5 5 8 1 3 5 7
J 5 5 8 1 3 5 9
J 5 5 8 1 3 5 F
J 5 5 8 1 3 8 E
J 5 5 8 1 3 B 13
J 5 5 8 1 3 C 1A
J 5 5 8 1 3 10 D
J 5 5 6 10001 10001 10003 3
J 5 5 8 1 3 14 A
J 5 5 8 1 3 17 8
J 5 5 8 1 3 17 9
J 5 5 8 1 3 17 B
J 5 5 8 1 3 17 D
J 5 5 8 1 3 17 F
J 5 5 8 1 3 1A 8
J 5 5 8 1 4 3 2
J 5 5 8 1 4 3 8
J 5 5 8 1 4 3 B
J 5 5 6 10001 10001 10003 6
J 5 5 8 1 4 3 C
J 5 5 8 1 4 3 14
J 5 5 8 1 4 5 8
J 5 5 8 1 4 5 9
J 5 5 8 1 4 5 C
J 5 5 8 1 4 5 15
J 5 5 8 1 4 5 18
J 5 5 8 1 4 E 5
J 5 5 8 1 4 E 18
J 5 5 8 1 4 F 5
J 5 5 6 10001 10001 10003 7
J 5 5 8 1 4 F 7
J 5 5 8 1 4 F 8
J 5 5 8 1 4 F B
J 5 5 8 1 4 F C
J 5 5 8 1 4 F D
J 5 5 8 1 4 F F
J 5 5 8 1 4 15 B
J 5 5 8 1 4 15 17
J 5 5 8 1 4 17 8
J 5 5 8 1 4 18 7
J 5 5 6 10001 10001 10003 9
J 5 5 8 1 4 18 A
J 5 5 8 1 4 18 11
J 5 5 8 1 5 5 D
J 5 5 8 1 5 6 1A
J 5 5 8 1 5 B 9
J 5 5 8 1 5 B B
J 5 5 8 1 5 B D
J 5 5 8 1 5 B F
J 5 5 8 1 5 D 3
J 5 5 8 1 5 D 5
J 5 5 6 10001 10001 10003 B
J 5 5 8 1 5 D 6
J 5 5 8 1 5 D 7
J 5 5 8 1 5 D 9
J 5 5 8 1 5 D B
J 5 5 8 1 5 D C
J 5 5 8 1 5 D F
J 5 5 8 1 5 F 9
J 5 5 8 1 C 18 8
J 5 5 8 1 F 7 14
J 5 5 8 1 F 9 8
J 5 5 6 10001 10001 10009 1
J 5 5 8 2 4 1 5
J 5 5 8 2 4 1 9
J 5 5 8 2 4 1 B
J 5 5 8 2 4 1 17
J 5 5 8 2 4 1 18
J 5 5 8 2 4 3 D
J 5 5 8 2 4 6 12
J 5 5 8 2 4 8 C
J 5 5 8 2 4 8 E
J 5 5 8 2 4 9 B
