J 8 8 4 20001 4 3 20008 20001 20001 1D
J 8 8 4 20001 4 3 20008 20001 20001 1E
J 8 8 4 20001 4 3 20008 20001 20005 7
J 8 8 4 20001 4 3 20008 20001 2000E 10
J 8 8 4 20001 4 3 20008 20001 2000E 14
J 8 8 4 20001 4 3 20008 20001 2000E 19
J 8 8 4 20001 4 3 20008 20001 2000E 1A
J 8 8 4 20001 4 3 20008 20001 2000E 1C
J 8 8 4 20001 4 3 20008 20001 2000E 20
J 8 8 4 20001 4 3 20008 20001 2000E 21
J 8 8 4 20001 4 3 20008 20001 2000E 24
J 8 8 4 20001 4 3 20008 20001 2000E 27
J 8 8 4 20001 4 3 20008 20001 2000E 29
J 8 8 4 20001 4 3 20008 20001 20005 9
J 8 8 4 20001 4 3 20008 20001 2000E 2B
J 8 8 4 20001 4 3 20008 20001 2000E 2E
J 8 8 4 20001 4 3 20008 20001 2000E 31
J 8 8 4 20001 4 3 20008 20001 2000E 34
J 8 8 4 20001 4 3 20008 20001 2000E 38
J 8 8 4 20001 4 3 20008 20001 2000E 39
J 8 8 4 20001 4 3 20008 20001 2000E 3A
J 8 8 4 20001 4 3 20008 20001 2000E 3D
J 8 8 4 20001 4 3 20008 20001 2000E 40
J 8 8 4 20001 4 3 20008 20001 2000F 8
J 8 8 4 20001 4 3 20008 20001 20005 F
J 8 8 4 20001 4 3 20008 20001 2000F 9
J 8 8 4 20001 4 3 20008 20001 2000F 10
J 8 8 4 20001 4 3 20008 20001 2000F 14
J 8 8 4 20001 4 3 20008 20001 2000F 19
J 8 8 4 20001 4 3 20008 20001 2000F 1A
J 8 8 4 20001 4 3 20008 20001 2000F 20
J 8 8 4 20001 4 3 20008 20001 2000F 21
J 8 8 4 20001 4 3 20008 20001 2000F 24
J 8 8 4 20001 4 3 20008 20001 2000F 27
J 8 8 4 20001 4 3 20008 20001 2000F 2A
J 8 8 4 20001 4 3 20008 20001 20005 12
J 8 8 4 20001 4 3 20008 20001 2000F 2B
J 8 8 4 20001 4 3 20008 20001 2000F 2E
J 8 8 4 20001 4 3 20008 20001 2000F 31
J 8 8 4 20001 4 3 20008 20001 2000F 34
J 8 8 4 20001 4 3 20008 20001 2000F 38
J 8 8 4 20001 4 3 20008 20001 2000F 39
J 8 8 4 20001 4 3 20008 20001 2000F 3F
J 8 8 4 20001 4 3 20008 20001 20010 7
J 8 8 4 20001 4 3 20008 20001 20010 A
J 8 8 4 20001 4 3 20008 20001 20010 C
J 8 8 4 20001 4 3 20008 20001 20005 17
J 8 8 4 20001 4 3 20008 20001 20010 E
J 8 8 4 20001 4 3 20008 20001 20010 F
J 8 8 4 20001 4 3 20008 20001 20010 13
J 8 8 4 20001 4 3 20008 20001 20010 14
J 8 8 4 20001 4 3 20008 20001 20010 17
J 8 8 4 20001 4 3 20008 20001 20010 1A
J 8 8 4 20001 4 3 20008 20001 20010 1B
J 8 8 4 20001 4 3 20008 20001 20010 1D
J 8 8 4 20001 4 3 20008 20001 20010 1E
J 8 8 4 20001 4 3 20008 20001 20010 20
J 8 8 4 20001 4 3 20008 20001 20005 18
J 8 8 4 20001 4 3 20008 20001 20010 21
J 8 8 4 20001 4 3 20008 20001 20010 22
J 8 8 4 20001 4 3 20008 20001 20010 23
J 8 8 4 20001 4 3 20008 20001 20010 24
J 8 8 4 20001 4 3 20008 20001 20010 25
J 8 8 4 20001 4 3 20008 20001 20010 26
J 8 8 4 20001 4 3 20008 20001 20019 17
J 8 8 4 20001 4 3 20008 20001 20019 18
J 8 8 4 20001 4 3 20008 20001 20019 1A
J 8 8 4 20001 4 3 20008 20001 20019 1D
J 8 8 4 20001 4 3 20008 20001 20005 1A
J 8 8 4 20001 4 3 20008 20001 20019 22
J 8 8 4 20001 4 3 20008 20001 20019 2A
J 8 8 4 20001 4 3 20008 20001 20019 2B
J 8 8 4 20001 4 3 20008 20001 20019 2D
J 8 8 4 20001 4 3 20008 20001 20019 2E
J 8 8 4 20001 4 3 20008 20001 20019 30
J 8 8 4 20001 4 3 20008 20001 20019 33
J 8 8 4 20001 4 3 20008 20001 20019 36
J 8 8 4 20001 4 3 20008 20001 2001A 7
J 8 8 4 20001 4 3 20008 20001 2001A 8
J 8 8 4 20001 4 3 20008 20001 20005 1D
J 8 8 4 20001 4 3 20008 20001 2001A F
J 8 8 4 20001 4 3 20008 20001 2001A 17
J 8 8 4 20001 4 3 20008 20001 2001A 18
J 8 8 4 20001 4 3 20008 20001 2001A 1D
J 8 8 4 20001 4 3 20008 20001 2001A 22
J 8 8 4 20001 4 3 20008 20001 2001A 24
J 8 8 4 20001 4 3 20008 20001 2001A 2A
J 8 8 4 20001 4 3 20008 20001 2001A 2B
J 8 8 4 20001 4 3 20008 20001 2001A 2C
J 8 8 4 20001 4 3 20008 20001 2001A 2D
J 8 8 4 20001 4 3 20008 20001 20005 24
J 8 8 4 20001 4 3 20008 20001 2001A 2E
J 8 8 4 20001 4 3 20008 20001 2001A 2F
J 8 8 4 20001 4 3 20008 20001 2001A 35
J 8 8 4 20001 4 3 20008 20001 2001B 7
J 8 8 4 20001 4 3 20008 20001 2001B 18
J 8 8 4 20001 4 3 20008 20001 2001B 1D
J 8 8 4 20001 4 3 20008 20001 2001B 21
J 8 8 4 20001 4 3 20008 20001 2001B 28
J 8 8 4 20001 4 3 20008 20001 2001B 2C
J 8 8 4 20001 4 3 20008 20001 2001B 35
J 8 8 4 20001 4 3 20008 20001 20005 27
J 8 8 4 20001 4 3 20008 20001 2001C 7
J 8 8 4 20001 4 3 20008 20001 2001C F
J 8 8 4 20001 4 3 20008 20001 2001C 17
J 8 8 4 20001 4 3 20008 20001 2001C 18
J 8 8 4 20001 4 3 20008 20001 2001C 1A
J 8 8 4 20001 4 3 20008 20001 2001C 24
J 8 8 4 20001 4 3 20008 20001 2001C 28
J 8 8 4 20001 4 3 20008 20001 2001C 2A
J 8 8 4 20001 4 3 20008 20001 2001C 2B
J 8 8 4 20001 4 3 20008 20001 2001C 2E
J 8 8 4 20001 4 3 20008 20001 20001 20
J 8 8 4 20001 4 3 20008 20001 20005 2E
J 8 8 4 20001 4 3 20008 20001 2001C 2F
J 8 8 4 20001 4 3 20008 20001 2001C 30
J 8 8 4 20001 4 3 20008 20001 2001C 33
J 8 8 4 20001 4 3 20008 20001 2001C 34
J 8 8 4 20001 4 3 20008 20001 2001C 35
J 8 8 4 20001 4 3 20008 20001 2001C 36
J 8 8 4 20001 4 3 20008 20001 2001D 4
J 8 8 4 20001 4 3 20008 20001 2001D 7
J 8 8 4 20001 4 3 20008 20001 2001D E
J 8 8 4 20001 4 3 20008 20001 2001D F
J 8 8 4 20001 4 3 20008 20001 20005 2F
J 8 8 4 20001 4 3 20008 20001 2001D 10
J 8 8 4 20001 4 3 20008 20001 2001D 17
J 8 8 4 20001 4 3 20008 20001 2001D 18
J 8 8 4 20001 4 3 20008 20001 2001D 1A
J 8 8 4 20001 4 3 20008 20001 2001D 1D
J 8 8 4 20001 4 3 20008 20001 2001D 1F
J 8 8 4 20001 4 3 20008 20001 2001D 21
J 8 8 4 20001 4 3 20008 20001 2001D 24
J 8 8 4 20001 4 3 20008 20001 2001D 28
J 8 8 4 20001 4 3 20008 20001 2001D 2A
J 8 8 4 20001 4 3 20008 20001 20005 30
J 8 8 4 20001 4 3 20008 20001 2001D 2E
J 8 8 4 20001 4 3 20008 20001 2001D 2F
J 8 8 4 20001 4 3 20008 20001 2001D 30
J 8 8 4 20001 4 3 20008 20001 2001D 33
J 8 8 4 20001 4 3 20008 20001 2001D 36
J 8 8 4 20001 4 3 20008 20001 2001E 7
J 8 8 4 20001 4 3 20008 20001 2001E 8
J 8 8 4 20001 4 3 20008 20001 2001E E
J 8 8 4 20001 4 3 20008 20001 2001E F
J 8 8 4 20001 4 3 20008 20001 2001E 11
J 8 8 4 20001 4 3 20008 20001 20005 33
J 8 8 4 20001 4 3 20008 20001 2001E 17
J 8 8 4 20001 4 3 20008 20001 2001E 18
J 8 8 4 20001 4 3 20008 20001 2001E 1D
J 8 8 4 20001 4 3 20008 20001 2001E 20
J 8 8 4 20001 4 3 20008 20001 2001E 21
J 8 8 4 20001 4 3 20008 20001 2001E 24
J 8 8 4 20001 4 3 20008 20001 2001E 28
J 8 8 4 20001 4 3 20008 20001 2001E 2A
J 8 8 4 20001 4 3 20008 20001 2001E 2E
J 8 8 4 20001 4 3 20008 20001 2001E 2F
J 8 8 4 20001 4 3 20008 20001 20005 35
J 8 8 4 20001 4 3 20008 20001 2001E 35
J 8 8 4 20001 4 3 20008 20001 20020 5
J 8 8 4 20001 4 3 20008 20001 20020 17
J 8 8 4 20001 4 3 20008 20001 20020 18
J 8 8 4 20001 4 3 20008 20001 20020 1A
J 8 8 4 20001 4 3 20008 20001 20020 1D
J 8 8 4 20001 4 3 20008 20001 20020 22
J 8 8 4 20001 4 3 20008 20001 20020 2A
J 8 8 4 20001 4 3 20008 20001 20020 2D
J 8 8 4 20001 4 3 20008 20001 20020 2E
J 8 8 4 20001 4 3 20008 20001 20005 36
J 8 8 4 20001 4 3 20008 20001 20020 30
J 8 8 4 20001 4 3 20008 20001 20020 31
J 8 8 4 20001 4 3 20008 20001 20020 33
J 8 8 4 20001 4 3 20008 20001 20020 35
J 8 8 4 20001 4 3 20008 20001 20023 7
J 8 8 4 20001 4 3 20008 20001 20023 8
J 8 8 4 20001 4 3 20008 20001 20023 17
J 8 8 4 20001 4 3 20008 20001 20023 18
J 8 8 4 20001 4 3 20008 20001 20023 1B
J 8 8 4 20001 4 3 20008 20001 20023 2E
J 8 8 4 20001 4 3 20008 20001 2000A 8
J 8 8 4 20001 4 3 20008 20001 20023 2F
J 8 8 4 20001 4 3 20008 20001 20023 31
J 8 8 4 20001 4 3 20008 20001 20023 34
J 8 8 4 20001 4 3 20008 20001 20023 35
J 8 8 4 20001 4 3 20008 20001 2000A F
J 8 8 4 20001 4 3 20008 20001 2000A 11
J 8 8 4 20001 4 3 20008 20001 2000A 12
J 8 8 4 20001 4 3 20008 20001 20001 21
J 8 8 4 20001 4 3 20008 20001 2000A 14
J 8 8 4 20001 4 3 20008 20001 2000A 19
J 8 8 4 20001 4 3 20008 20001 2000A 1A
J 8 8 4 20001 4 3 20008 20001 2000A 20
J 8 8 4 20001 4 3 20008 20001 2000A 22
J 8 8 4 20001 4 3 20008 20001 2000A 23
J 8 8 4 20001 4 3 20008 20001 2000A 24
J 8 8 4 20001 4 3 20008 20001 2000A 27
J 8 8 4 20001 4 3 20008 20001 2000A 29
J 8 8 4 20001 4 3 20008 20001 2000A 2A
J 8 8 4 20001 4 3 20008 20001 20001 22
J 8 8 4 20001 4 3 20008 20001 2000A 2B
J 8 8 4 20001 4 3 20008 20001 2000A 2F
J 8 8 4 20001 4 3 20008 20001 2000A 30
J 8 8 4 20001 4 3 20008 20001 2000A 34
J 8 8 4 20001 4 3 20008 20001 2000A 35
J 8 8 4 20001 4 3 20008 20001 2000A 36
J 8 8 4 20001 4 3 20008 20001 2000A 37
J 8 8 4 20001 4 3 20008 20001 2000A 38
J 8 8 4 20001 4 3 20008 20001 2000A 39
J 8 8 4 20001 4 3 20008 20001 2000A 3A
J 8 8 4 20001 4 3 20008 20001 20001 23
J 8 8 4 20001 4 3 20008 20001 2000A 3B
J 8 8 4 20001 4 3 20008 20001 2000A 3D
J 8 8 4 20001 4 3 20008 20001 2000A 3E
J 8 8 4 20001 4 3 20008 20001 2000A 3F
J 8 8 4 20001 4 3 20008 20001 2000A 40
J 8 8 4 20001 4 3 20008 20001 2000B 6
J 8 8 4 20001 4 3 20008 20001 2000B 8
J 8 8 4 20001 4 3 20008 20001 2000B 10
J 8 8 4 20001 4 3 20008 20001 2000B 11
J 8 8 4 20001 4 3 20008 20001 2000B 12
J 8 8 4 20001 4 3 20008 20001 20001 25
J 8 8 4 20001 4 3 20008 20001 2000B 14
J 8 8 4 20001 4 3 20008 20001 2000B 19
J 8 8 4 20001 4 3 20008 20001 2000B 1A
J 8 8 4 20001 4 3 20008 20001 2000B 21
J 8 8 4 20001 4 3 20008 20001 2000B 22
J 8 8 4 20001 4 3 20008 20001 2000B 24
J 8 8 4 20001 4 3 20008 20001 2000B 27
J 8 8 4 20001 4 3 20008 20001 2000B 29
J 8 8 4 20001 4 3 20008 20001 2000B 2C
J 8 8 4 20001 4 3 20008 20001 2000B 2E
J 8 8 4 20001 4 3 20008 20001 20001 26
J 8 8 4 20001 4 3 20008 20001 2000B 2F
J 8 8 4 20001 4 3 20008 20001 2000B 30
J 8 8 4 20001 4 3 20008 20001 2000B 31
J 8 8 4 20001 4 3 20008 20001 2000B 34
J 8 8 4 20001 4 3 20008 20001 2000B 38
J 8 8 4 20001 4 3 20008 20001 2000B 39
J 8 8 4 20001 4 3 20008 20001 2000B 3A
J 8 8 4 20001 4 3 20008 20001 2000B 3B
J 8 8 4 20001 4 3 20008 20001 2000B 3D
J 8 8 4 20001 4 3 20008 20001 2000B 3E
J 8 8 4 20001 4 3 20008 20001 20001 27
J 8 8 4 20001 4 3 20008 20001 2000B 3F
J 8 8 4 20001 4 3 20008 20001 2000B 40
J 8 8 4 20001 4 3 20008 20001 2000D 8
J 8 8 4 20001 4 3 20008 20001 2000D 10
J 8 8 4 20001 4 3 20008 20001 2000D 14
J 8 8 4 20001 4 3 20008 20001 2000D 19
J 8 8 4 20001 4 3 20008 20001 2000D 1A
J 8 8 4 20001 4 3 20008 20001 2000D 1C
J 8 8 4 20001 4 3 20008 20001 2000D 24
J 8 8 4 20001 4 3 20008 20001 2000D 31
J 8 8 4 20001 4 3 20008 20001 20005 5
J 8 8 4 20001 4 3 20008 20001 2000D 34
J 8 8 4 20001 4 3 20008 20001 2000D 35
J 8 8 4 20001 4 3 20008 20001 2000D 38
J 8 8 4 20001 4 3 20008 20001 2000D 39
J 8 8 4 20001 4 3 20008 20001 2000D 3A
J 8 8 4 20001 4 3 20008 20001 2000D 3D
J 8 8 4 20001 4 3 20008 20001 2000D 3E
J 8 8 4 20001 4 3 20008 20001 2000D 3F
J 8 8 4 20001 4 3 20008 20001 2000D 40
J 8 8 4 20001 4 3 20008 20001 2000E 6
