J 11 11 C 20004 20004 4 8 1B 1F 6 54 59 3F
J 11 11 C 20004 20004 4 8 1B 1F 6 54 59 40
J 11 11 C 20004 20004 4 8 1B 1F 6 54 59 51
J 11 11 6 1 40005 2B 25 C F 2000A C 21 2001D
J 11 11 6 1 40005 2B 25 C F 2000A C 21 2001F
J 11 11 6 1 40005 2B 25 C F 2000A C 21 20024
J 11 11 6 1 40005 2B 25 C F 2000A C 21 2002B
J 11 11 6 1 40005 2B 25 C F 2000A C 21 2002D
J 11 11 6 1 40005 2B 25 C F 2000A C 21 2002E
J 11 11 6 1 40005 2B 25 C F 2000A C 21 20030
J 11 11 6 1 40005 2B 25 C F 2000A C 21 20031
J 11 11 6 1 40005 2B 25 C F 2000A C 21 20032
J 11 11 6 1 40005 2B 25 C F 2000A C 21 20036
J 11 11 C 20004 20004 4 8 1B 1F 6 54 59 52
J 11 11 6 1 40005 2B 25 C F 2000A C 21 20037
J 11 11 6 1 40005 2B 25 C F 2000A C 21 2003A
J 11 11 6 1 40005 2B 25 C F 2000A C 21 2003B
J 11 11 6 1 40005 2B 25 C F 2000A C 21 2003D
J 11 11 6 1 40005 2B 25 C F 2000A C 21 2003E
J 11 11 6 1 40005 2B 25 C F 2000A C 21 2003F
J 11 11 6 1 40005 2B 25 C F 2000A C 21 20040
J 11 11 4 20001 4 3 8 20001 3 20009 20001 1 11
J 11 11 4 20001 4 3 8 20001 3 20009 20001 1 14
J 11 11 4 20001 4 3 8 20001 3 20009 20001 1 15
J 11 11 C 20004 20004 4 8 1B 1F 6 54 59 53
J 11 11 4 20001 4 3 8 20001 3 20009 20001 1 18
J 11 11 4 20001 4 3 8 20001 3 20009 20001 1 1A
J 11 11 4 20001 4 3 8 20001 3 20009 20001 1 1B
J 11 11 4 20001 4 3 8 20001 3 20009 20001 1 1C
J 11 11 4 20001 4 3 8 20001 3 20009 20001 1 1D
J 11 11 4 20001 4 3 8 20001 3 20009 20001 1 1E
J 11 11 4 20001 4 3 8 20001 3 20009 20001 1 1F
J 11 11 4 20001 4 3 8 20001 3 20009 20001 1 21
J 11 11 4 20001 4 3 8 20001 3 20009 20001 1 22
J 11 11 4 20001 4 3 8 20001 3 20009 20001 1 23
J 11 11 C 20004 20004 4 8 1B 1F 6 54 59 55
J 11 11 4 20001 4 3 8 20001 3 20009 20001 1 24
J 11 11 4 20001 4 3 8 20001 3 20009 20001 1 20005
J 11 11 4 20001 4 3 8 20001 3 20009 20001 1 20007
J 11 11 4 20001 4 3 8 20001 3 20009 20001 1 2000A
J 11 11 4 20001 4 3 8 20001 3 20009 20001 1 2000B
J 11 11 4 20001 4 3 8 20001 3 20009 20001 1 2000C
J 11 11 4 20001 4 3 8 20001 3 20009 20001 1 2000E
J 11 11 4 20001 4 3 8 20001 3 20009 20001 1 2000F
J 11 11 4 20001 4 3 8 20001 3 20009 20001 1 20010
J 11 11 4 20001 4 3 8 20001 3 20009 20001 1 20011
J 11 11 C 20004 20004 4 8 1B 1F 6 54 59 56
J 11 11 4 20001 4 3 8 20001 3 20009 20001 1 20014
J 11 11 4 20001 4 3 8 20001 3 20009 20001 1 20015
J 11 11 4 20001 4 3 8 20001 3 20009 20001 1 20018
J 11 11 4 20001 4 3 8 20001 3 20009 20001 1 2001A
J 11 11 4 20001 4 3 8 20001 3 20009 20001 1 2001B
J 11 11 4 20001 4 3 8 20001 3 20009 20001 1 2001D
J 11 11 4 20001 4 3 8 20001 3 20009 20001 1 2001E
J 11 11 4 20001 4 3 8 20001 3 20009 20001 1 2001F
J 11 11 4 20001 4 3 8 20001 3 20009 20001 1 20021
J 11 11 4 20001 4 3 8 20001 3 20009 20001 1 20023
J 11 11 C 20004 20004 4 8 1B 1F 6 54 59 57
J 11 11 4 20001 4 3 8 20001 3 20009 20001 1 20024
J 11 11 6 20001 7 A 20006 20001 1 2 1B 23 3F
J 11 11 6 20001 7 A 20006 20001 1 2 1B 23 40
J 11 11 6 20001 7 A 20006 20001 1 2 1B 23 20003
J 11 11 6 20001 7 A 20006 20001 1 2 1B 23 20008
J 11 11 6 20001 7 A 20006 20001 1 2 1B 23 2000A
J 11 11 6 20001 7 A 20006 20001 1 2 1B 23 2000D
J 11 11 6 20001 7 A 20006 20001 1 2 1B 23 2000F
J 11 11 6 20001 7 A 20006 20001 1 2 1B 23 20010
J 11 11 6 20001 7 A 20006 20001 1 2 1B 23 20012
J 11 11 C 20004 20004 4 8 1B 1F 6 54 59 58
J 11 11 6 20001 7 A 20006 20001 1 2 1B 23 20013
J 11 11 6 20001 7 A 20006 20001 1 2 1B 23 20014
J 11 11 6 20001 7 A 20006 20001 1 2 1B 23 2001C
J 11 11 6 20001 7 A 20006 20001 1 2 1B 23 2001F
J 11 11 6 20001 7 A 20006 20001 1 2 1B 23 20020
J 11 11 6 20001 7 A 20006 20001 1 2 1B 23 20024
J 11 11 6 20001 7 A 20006 20001 1 2 1B 23 20025
J 11 11 6 20001 7 A 20006 20001 1 2 1B 23 20027
J 11 11 6 20001 7 A 20006 20001 1 2 1B 23 20028
J 11 11 6 20001 7 A 20006 20001 1 2 1B 23 20029
J 11 11 C 20004 20004 4 8 1B 1F 6 54 59 5A
J 11 11 6 20001 7 A 20006 20001 1 2 1B 23 2002A
J 11 11 6 20001 7 A 20006 20001 1 2 1B 23 2002B
J 11 11 6 20001 7 A 20006 20001 1 2 1B 23 2002C
J 11 11 6 20001 7 A 20006 20001 1 2 1B 23 2002D
J 11 11 6 20001 7 A 20006 20001 1 2 1B 23 2002E
J 11 11 6 20001 7 A 20006 20001 1 2 1B 23 2002F
J 11 11 6 20001 7 A 20006 20001 1 2 1B 23 20030
J 11 11 6 20001 7 A 20006 20001 1 2 1B 23 20031
J 11 11 6 20001 7 A 20006 20001 1 2 1B 23 20032
J 11 11 6 20001 7 A 20006 20001 1 2 1B 23 20035
J 11 11 C 20004 20004 4 8 1B 1F 6 54 59 5B
J 11 11 6 20001 7 A 20006 20001 1 2 1B 23 20036
J 11 11 6 20001 7 A 20006 20001 1 2 1B 23 20037
J 11 11 6 20001 7 A 20006 20001 1 2 1B 23 20038
J 11 11 6 20001 7 A 20006 20001 1 2 1B 23 2003A
J 11 11 6 20001 7 A 20006 20001 1 2 1B 23 2003B
J 11 11 6 20001 7 A 20006 20001 1 2 1B 23 2003D
J 11 11 6 20001 7 A 20006 20001 1 2 1B 23 2003E
J 11 11 6 20001 7 A 20006 20001 1 2 1B 23 2003F
J 11 11 6 20001 7 A 20006 20001 1 2 1B 23 20040
J 11 11 6 20001 7 A 20006 20001 1 2 1B 23 4000D
J 11 11 C 20004 20004 4 8 1B 1F 6 54 59 5D
J 11 11 6 20001 7 A 20006 20001 1 2 1B 23 40012
J 11 11 6 20001 7 A 20006 20001 1 2 1B 23 40014
J 11 11 6 20001 7 A 20006 20001 1 2 1B 23 40025
J 11 11 6 20001 7 A 20006 20001 1 2 1B 23 40027
J 11 11 6 20001 7 A 20006 20001 1 2 1B 23 40028
J 11 11 6 20001 7 A 20006 20001 1 2 1B 23 4002B
J 11 11 6 20001 7 A 20006 20001 1 2 1B 23 40030
J 11 11 6 20001 7 A 20006 20001 1 2 1B 23 40032
J 11 11 6 20001 7 A 20006 20001 1 2 1B 23 40035
J 11 11 6 20001 7 A 20006 20001 1 2 1B 23 40037
J 11 11 C 20004 20004 4 8 1B 1F 6 54 59 42
J 11 11 C 20004 20004 4 8 1B 1F 6 54 59 60
J 11 11 6 20001 7 A 20006 20001 1 2 1B 23 4003B
J 11 11 6 20001 7 A 20006 20001 1 2 1B 23 4003F
J 11 11 4 20001 4 3 20008 F 11 20001 1 2000E 2001C
J 11 11 4 20001 4 3 20008 F 11 20001 1 2000E 2001D
J 11 11 4 20001 4 3 20008 F 11 20001 1 2000E 20020
J 11 11 4 20001 4 3 20008 F 11 20001 1 2000E 20021
J 11 11 4 20001 4 3 20008 F 11 20001 1 2000E 20022
J 11 11 4 20001 4 3 20008 F 11 20001 1 2000E 20023
J 11 11 4 20001 4 3 20008 F 11 20001 1 2000E 20025
J 11 11 4 20001 4 3 20008 F 11 20001 1 2000E 20026
J 11 11 C 20004 20004 4 8 1B 1F 6 54 59 61
J 11 11 4 20001 4 3 20008 F 11 20001 1 2000E 20027
J 11 11 4 20001 4 3 20008 F 11 20001 1 2000E 20028
J 11 11 4 20001 4 3 20008 F 11 20001 1 2000E 2002A
J 11 11 4 20001 4 3 20008 F 11 20001 1 2000E 2002B
J 11 11 4 20001 4 3 20008 F 11 20001 1 2000E 2002C
J 11 11 4 20001 4 3 20008 F 11 20001 1 2000E 2002D
J 11 11 4 20001 4 3 20008 F 11 20001 20001 1 15
J 11 11 4 20001 4 3 20008 F 11 20001 20001 1 16
J 11 11 4 20001 4 3 20008 F 11 20001 20001 1 17
J 11 11 4 20001 4 3 20008 F 11 20001 20001 1 18
J 11 11 C 20004 20004 4 8 1B 1F 6 54 59 62
J 11 11 4 20001 4 3 20008 F 11 20001 20001 1 19
J 11 11 4 20001 4 3 20008 F 11 20001 20001 1 1B
J 11 11 4 20001 4 3 20008 F 11 20001 20001 1 1C
J 11 11 4 20001 4 3 20008 F 11 20001 20001 1 1E
J 11 11 4 20001 4 3 20008 F 11 20001 20001 1 1F
J 11 11 4 20001 4 3 20008 F 11 20001 20001 1 20
J 11 11 4 20001 4 3 20008 F 11 20001 20001 1 20006
J 11 11 4 20001 4 3 20008 F 11 20001 20001 1 20009
J 11 11 4 20001 4 3 20008 F 11 20001 20001 1 2000A
J 11 11 4 20001 4 3 20008 F 11 20001 20001 1 2000B
J 11 11 C 20004 20004 4 8 1B 1F 6 54 59 64
J 11 11 4 20001 4 3 20008 F 11 20001 20001 1 2000C
J 11 11 4 20001 4 3 20008 F 11 20001 20001 1 2000D
J 11 11 4 20001 4 3 20008 F 11 20001 20001 1 2000E
J 11 11 4 20001 4 3 20008 F 11 20001 20001 1 20011
J 11 11 4 20001 4 3 20008 F 11 20001 20001 1 20015
J 11 11 4 20001 4 3 20008 F 11 20001 20001 1 20016
J 11 11 4 20001 4 3 20008 F 11 20001 20001 1 20018
J 11 11 4 20001 4 3 20008 F 11 20001 20001 1 20019
J 11 11 4 20001 4 3 20008 F 11 20001 20001 1 2001B
J 11 11 4 20001 4 3 20008 F 11 20001 20001 1 2001C
J 11 11 C 20004 20004 4 8 1B 1F 6 54 59 65
J 11 11 4 20001 4 3 20008 F 11 20001 20001 1 2001E
J 11 11 4 20001 4 3 20008 F 11 20001 20001 1 2001F
J 11 11 4 20001 4 3 20008 F 11 20001 20001 1 20020
J 11 11 4 20001 4 3 20008 F 11 40001 1 12 2001B
J 11 11 4 20001 4 3 20008 F 11 40001 1 12 2001C
J 11 11 4 20001 4 3 20008 F 11 40001 1 12 2001D
J 11 11 4 20001 4 3 20008 F 11 40001 1 12 2001E
J 11 11 4 20001 4 3 20008 F 11 40001 1 12 20020
J 11 11 4 20001 4 3 20008 F 11 40001 1 12 20021
J 11 11 4 20001 4 3 20008 F 11 40001 1 12 20022
J 11 11 C 20004 20004 4 8 1B 1F 6 54 59 67
J 11 11 4 20001 4 3 20008 F 11 40001 1 12 20023
J 11 11 4 20001 4 3 20008 F 11 40001 1 12 20025
J 11 11 4 20001 4 3 20008 F 11 40001 1 12 20026
J 11 11 4 20001 4 3 20008 F 11 40001 1 12 20027
J 11 11 4 20001 4 3 20008 F 11 40001 1 12 20028
J 11 11 4 20001 4 3 20008 F 11 40001 1 12 2002A
J 11 11 4 20001 4 3 20008 F 11 40001 1 12 2002D
J 11 11 4 20001 4 3 20008 F 11 40001 20001 1 21
J 11 11 4 20001 4 3 20008 F 11 40001 20001 1 22
J 11 11 4 20001 4 3 20008 F 11 40001 20001 1 23
J 11 11 C 20004 20004 4 8 1B 1F 6 54 59 68
J 11 11 4 20001 4 3 20008 F 11 40001 20001 1 24
J 11 11 4 20001 4 3 20008 F 11 40001 20001 1 25
J 11 11 4 20001 4 3 20008 F 11 40001 20001 1 26
J 11 11 4 20001 4 3 20008 F 11 40001 20001 1 28
J 11 11 4 20001 4 3 20008 F 11 40001 20001 1 29
J 11 11 4 20001 4 3 20008 F 11 40001 20001 1 2A
J 11 11 4 20001 4 3 20008 F 11 40001 20001 1 2B
J 11 11 4 20001 4 3 20008 F 11 40001 20001 1 2C
J 11 11 4 20001 4 3 20008 F 11 40001 20001 1 2D
J 11 11 4 20001 4 3 20008 F 11 40001 20001 1 2F
J 11 11 C 20004 20004 4 8 1B 1F 6 54 59 6A
J 11 11 4 20001 4 3 20008 F 11 40001 20001 1 30
J 11 11 4 20001 4 3 20008 F 11 40001 20001 1 31
J 11 11 4 20001 4 3 20008 F 11 40001 20001 1 32
J 11 11 4 20001 4 3 20008 F 11 40001 20001 1 33
J 11 11 4 20001 4 3 20008 F 11 40001 20001 1 34
J 11 11 4 20001 4 3 20008 F 11 40001 20001 1 36
J 11 11 4 20001 4 3 20008 F 11 40001 20001 1 38
J 11 11 4 20001 4 3 20008 F 11 40001 20001 1 39
J 11 11 4 20001 4 3 20008 F 11 40001 20001 1 3B
J 11 11 4 20001 4 3 20008 F 11 40001 20001 1 3C
J 11 11 C 20004 20004 4 8 1B 1F 6 54 59 6B
J 11 11 4 20001 4 3 20008 F 11 40001 20001 1 3D
J 11 11 4 20001 4 3 20008 F 11 40001 20001 1 3F
J 11 11 4 20001 4 3 20008 F 11 40001 20001 1 40
J 11 11 4 20001 4 3 20008 F 11 40001 20001 1 41
J 11 11 4 20001 4 3 20008 F 11 40001 20001 1 42
J 11 11 4 20001 4 3 20008 20001 1 20005 5 F 2000D
J 11 11 4 20001 4 3 20008 20001 1 20005 5 F 2000E
J 11 11 4 20001 4 3 20008 20001 1 20005 5 F 20011
J 11 11 4 20001 4 3 20008 20001 1 20005 5 F 20012
J 11 11 4 20001 4 3 20008 20001 1 20005 5 F 20013
J 11 11 C 20004 20004 4 8 1B 1F 6 54 59 6C
J 11 11 4 20001 4 3 20008 20001 1 20005 5 F 20019
J 11 11 4 20001 4 3 20008 20001 1 20005 5 F 2001A
J 11 11 4 20001 4 3 20008 20001 1 20005 5 F 2001C
J 11 11 4 20001 4 3 20008 20001 1 20005 5 F 2001E
J 11 11 4 20001 4 3 20008 20001 1 20005 5 F 2001F
J 11 11 4 20001 4 3 20008 20001 1 20005 5 F 20021
J 11 11 4 20001 4 3 20008 20001 1 20005 5 F 20022
J 11 11 4 20001 4 3 20008 20001 1 20005 5 F 20023
J 11 11 4 20001 4 3 20008 20001 1 20005 5 F 20024
J 11 11 4 20001 4 3 20008 20001 1 20005 5 F 20025
J 11 11 C 20004 20004 4 8 1B 1F 6 54 59 44
J 11 11 C 20004 20004 4 8 1B 1F 6 54 59 6D
J 11 11 4 20001 4 3 20008 20001 1 20005 5 F 20029
J 11 11 4 20001 4 3 20008 20001 1 20005 5 F 2002A
J 11 11 4 20001 4 3 20008 20001 1 20005 5 F 2002B
J 11 11 4 20001 4 3 20008 20001 1 20005 5 F 2002C
J 11 11 4 20001 4 3 20008 20001 1 20005 5 F 2002E
J 11 11 4 20001 4 3 20008 20001 1 20005 5 F 2002F
J 11 11 4 20001 4 3 20008 20001 1 20005 5 F 20030
J 11 11 4 20001 4 3 20008 20001 1 20005 5 F 20031
J 11 11 4 20001 4 3 20008 20001 1 20005 5 F 20032
J 11 11 4 20001 4 3 20008 20001 1 20005 5 F 20034
J 11 11 C 20004 20004 4 8 1B 1F 6 54 59 6E
J 11 11 4 20001 4 3 20008 20001 1 20005 5 F 20035
J 11 11 4 20001 4 3 20008 20001 1 20005 5 F 20036
J 11 11 4 20001 4 3 20008 20001 1 20005 5 F 20037
J 11 11 4 20001 4 3 20008 20001 1 20005 5 F 20038
J 11 11 4 20001 4 3 20008 20001 1 20005 5 F 20039
J 11 11 4 20001 4 3 20008 20001 1 20005 5 F 2003A
J 11 11 4 20001 4 3 20008 20001 1 20005 5 F 2003D
J 11 11 4 20001 4 3 20008 20001 1 20005 5 F 2003E
J 11 11 4 20001 4 3 20008 20001 1 20005 5 F 2003F
J 11 11 4 20001 4 3 20008 20001 1 20005 5 F 20040
J 11 11 C 20004 20004 4 8 1B 1F 6 54 59 6F
J 11 11 4 20001 4 3 20008 20001 1 20005 5 F 40011
J 11 11 4 20001 4 3 20008 20001 1 20005 5 F 40013
J 11 11 4 20001 4 3 20008 20001 1 20005 5 F 4001A
J 11 11 4 20001 4 3 20008 20001 1 20005 5 F 4001C
J 11 11 4 20001 4 3 20008 20001 1 20005 5 F 40021
J 11 11 4 20001 4 3 20008 20001 1 20005 5 F 40022
J 11 11 4 20001 4 3 20008 20001 1 20005 5 F 40024
J 11 11 4 20001 4 3 20008 20001 1 20005 5 F 40029
J 11 11 4 20001 4 3 20008 20001 1 20005 5 F 4002B
J 11 11 4 20001 4 3 20008 20001 1 20005 5 F 4002E
J 11 11 C 20004 20004 4 8 1B 1F 6 54 59 70
J 11 11 4 20001 4 3 20008 20001 1 20005 5 F 4002F
J 11 11 4 20001 4 3 20008 20001 1 20005 5 F 40031
J 11 11 4 20001 4 3 20008 20001 1 20005 5 F 40038
J 11 11 4 20001 4 3 20008 20001 1 20005 5 F 40039
J 11 11 4 20001 4 3 20008 20001 1 20005 5 F 4003A
J 11 11 4 20001 4 3 20008 20001 1 20005 5 F 4003D
J 11 11 4 20001 4 3 20008 20001 1 20005 5 F 4003E
J 11 11 4 20001 4 3 20008 20001 1 20005 5 F 4003F
J 11 11 4 20001 4 3 20008 20001 7 20014 20001 1 23
J 11 11 4 20001 4 3 20008 20001 7 20014 20001 1 24
J 11 11 C 20004 20004 4 8 1B 1F 6 54 59 71
J 11 11 4 20001 4 3 20008 20001 7 20014 20001 1 25
J 11 11 4 20001 4 3 20008 20001 7 20014 20001 1 28
J 11 11 4 20001 4 3 20008 20001 7 20014 20001 1 29
J 11 11 4 20001 4 3 20008 20001 7 20014 20001 1 2B
J 11 11 4 20001 4 3 20008 20001 7 20014 20001 1 2C
J 11 11 4 20001 4 3 20008 20001 7 20014 20001 1 2D
J 11 11 4 20001 4 3 20008 20001 20001 1 5 D 24
J 11 11 4 20001 4 3 20008 20001 20001 1 5 D 25
J 11 11 4 20001 4 3 20008 20001 20001 1 5 D 26
J 11 11 4 20001 4 3 20008 20001 20001 1 5 D 28
J 11 11 C 20004 20004 4 8 1B 1F 6 54 59 73
J 11 11 4 20001 4 3 20008 20001 20001 1 5 D 2A
J 11 11 4 20001 4 3 20008 20001 20001 1 5 D 2B
J 11 11 4 20001 4 3 20008 20001 20001 1 5 D 2D
J 11 11 4 20001 4 3 20008 20001 20001 1 5 D 2E
J 11 11 4 20001 4 3 20008 20001 20001 1 5 D 2F
J 11 11 4 20001 4 3 20008 20001 20001 1 5 D 20008
J 11 11 4 20001 4 3 20008 20001 20001 1 5 D 2000C
J 11 11 4 20001 4 3 20008 20001 20001 1 5 D 2000F
J 11 11 4 20001 4 3 20008 20001 20001 1 5 D 20010
J 11 11 4 20001 4 3 20008 20001 20001 1 5 D 20015
J 11 11 C 20004 20004 4 8 1B 1F 6 54 59 74
J 11 11 4 20001 4 3 20008 20001 20001 1 5 D 20016
J 11 11 4 20001 4 3 20008 20001 20001 1 5 D 20018
J 11 11 4 20001 4 3 20008 20001 20001 1 5 D 20019
J 11 11 4 20001 4 3 20008 20001 20001 1 5 D 2001B
J 11 11 4 20001 4 3 20008 20001 20001 1 5 D 2001C
J 11 11 4 20001 4 3 20008 20001 20001 1 5 D 2001D
J 11 11 4 20001 4 3 20008 20001 20001 1 5 D 2001F
J 11 11 4 20001 4 3 20008 20001 20001 1 5 D 20021
J 11 11 4 20001 4 3 20008 20001 20001 1 5 D 20022
J 11 11 4 20001 4 3 20008 20001 20001 1 5 D 20024
J 11 11 C 20004 20004 4 8 1B 1F 6 54 59 75
J 11 11 4 20001 4 3 20008 20001 20001 1 5 D 20025
J 11 11 4 20001 4 3 20008 20001 20001 1 5 D 20026
J 11 11 4 20001 4 3 20008 20001 20001 1 5 D 20028
J 11 11 4 20001 4 3 20008 20001 20001 1 5 D 2002A
J 11 11 4 20001 4 3 20008 20001 20001 1 5 D 2002B
J 11 11 4 20001 4 3 20008 20001 20001 1 5 D 2002D
J 11 11 4 20001 4 3 20008 20001 20001 1 5 D 2002E
J 11 11 4 20001 4 3 20008 20001 20001 1 5 D 2002F
J 11 11 4 20001 4 3 20008 20001 20001 1 5 D 4000F
J 11 11 4 20001 4 3 20008 20001 20001 1 5 D 40016
J 11 11 C 20004 20004 4 8 1B 1F 6 54 59 76
J 11 11 4 20001 4 3 20008 20001 20001 1 5 D 4001B
J 11 11 4 20001 4 3 20008 20001 20001 1 5 D 4001C
J 11 11 4 20001 4 3 20008 20001 20001 1 5 D 40021
J 11 11 4 20001 4 3 20008 20001 20001 1 5 D 40024
J 11 11 4 20001 4 3 20008 20001 20001 1 5 D 40025
J 11 11 4 20001 4 3 20008 20001 20001 1 5 D 4002A
J 11 11 4 20001 4 3 20008 20001 20001 1 5 D 4002B
J 11 11 4 20001 4 3 20008 20001 20001 1 5 D 4002D
J 11 11 4 20001 4 3 20008 20001 20001 1 5 D 4002E
J 11 11 4 20001 4 3 20008 20001 20001 1 D 1B 23
J 11 11 C 20004 20004 4 8 1B 1F 6 54 59 20017
J 11 11 4 20001 4 3 20008 20001 20001 1 D 1B 25
J 11 11 4 20001 4 3 20008 20001 20001 1 D 1B 26
J 11 11 4 20001 4 3 20008 20001 20001 1 D 1B 27
J 11 11 4 20001 4 3 20008 20001 20001 1 D 1B 20007
J 11 11 4 20001 4 3 20008 20001 20001 1 D 1B 2000E
J 11 11 4 20001 4 3 20008 20001 20001 1 D 1B 2000F
J 11 11 4 20001 4 3 20008 20001 20001 1 D 1B 20013
J 11 11 4 20001 4 3 20008 20001 20001 1 D 1B 20014
J 11 11 4 20001 4 3 20008 20001 20001 1 D 1B 20019
J 11 11 4 20001 4 3 20008 20001 20001 1 D 1B 2001A
J 11 11 C 20004 20004 4 8 1B 1F 6 54 59 46
J 11 11 C 20004 20004 4 8 1B 1F 6 54 59 2001A
J 11 11 4 20001 4 3 20008 20001 20001 1 D 1B 2001D
J 11 11 4 20001 4 3 20008 20001 20001 1 D 1B 2001E
J 11 11 4 20001 4 3 20008 20001 20001 1 D 1B 20020
J 11 11 4 20001 4 3 20008 20001 20001 1 D 1B 20021
J 11 11 4 20001 4 3 20008 20001 20001 1 D 1B 20022
J 11 11 4 20001 4 3 20008 20001 20001 1 D 1B 20023
J 11 11 4 20001 4 3 20008 20001 20001 1 D 1B 20025
J 11 11 4 20001 4 3 20008 20001 20001 1 D 1B 20026
J 11 11 4 20001 4 3 20008 20001 20001 1 D 1B 20027
J 11 11 4 20001 4 3 20008 20001 20001 1 D 1B 4000E
J 11 11 C 20004 20004 4 8 1B 1F 6 54 59 2001C
J 11 11 4 20001 4 3 20008 20001 20001 1 D 1B 40014
J 11 11 4 20001 4 3 20008 20001 20001 1 D 1B 40019
J 11 11 4 20001 4 3 20008 20001 20001 1 D 1B 4001D
J 11 11 4 20001 4 3 20008 20001 20001 1 D 1B 40022
J 11 11 4 20001 4 3 20008 20001 20001 1 D 1B 40023
J 11 11 4 20001 4 3 20008 20001 20001 1 D 1B 40025
J 11 11 4 20001 4 3 20008 20001 20001 1 D 1B 40026
J 11 11 4 20001 4 3 20008 20001 20001 1 10 19 20010
J 11 11 4 20001 4 3 20008 20001 20001 1 10 19 20012
J 11 11 4 20001 4 3 20008 20001 20001 1 10 19 20017
J 11 11 C 20004 20004 4 8 1B 1F 6 54 59 20025
J 11 11 4 20001 4 3 20008 20001 20001 1 10 19 20018
J 11 11 4 20001 4 3 20008 20001 20001 1 10 19 2001A
J 11 11 4 20001 4 3 20008 20001 20001 1 10 19 2001D
J 11 11 4 20001 4 3 20008 20001 20001 1 10 19 20020
J 11 11 4 20001 4 3 20008 20001 20001 1 10 19 20021
J 11 11 4 20001 4 3 20008 20001 20001 1 10 19 20022
J 11 11 4 20001 4 3 20008 20001 20001 1 10 19 20025
J 11 11 4 20001 4 3 20008 20001 20001 1 10 19 20027
J 11 11 4 20001 4 3 20008 20001 20001 1 10 19 2002A
J 11 11 4 20001 4 3 20008 20001 20001 1 10 19 2002B
J 11 11 C 20004 20004 4 8 1B 1F 6 54 59 20026
J 11 11 4 20001 4 3 20008 20001 20001 1 10 19 2002C
J 11 11 4 20001 4 3 20008 20001 20001 1 10 19 2002D
J 11 11 4 20001 4 3 20008 20001 20001 1 10 19 2002E
J 11 11 4 20001 4 3 20008 20001 20001 1 10 19 2002F
J 11 11 4 20001 4 3 20008 20001 20001 1 10 19 20030
J 11 11 4 20001 4 3 20008 20001 20001 1 10 19 20031
J 11 11 4 20001 4 3 20008 20001 20001 1 10 19 20033
J 11 11 4 20001 4 3 20008 20001 20001 1 10 19 20034
J 11 11 4 20001 4 3 20008 20001 20001 1 10 19 20035
J 11 11 4 20001 4 3 20008 20001 20001 1 10 19 20036
J 11 11 C 20004 20004 4 8 1B 1F 6 54 59 20028
J 11 11 4 20001 4 3 20008 20001 20001 1 10 19 4000F
J 11 11 4 20001 4 3 20008 20001 20001 1 10 19 40010
J 11 11 4 20001 4 3 20008 20001 20001 1 10 19 40012
J 11 11 4 20001 4 3 20008 20001 20001 1 10 19 40018
J 11 11 4 20001 4 3 20008 20001 20001 1 10 19 4001A
J 11 11 4 20001 4 3 20008 20001 20001 1 10 19 40021
J 11 11 4 20001 4 3 20008 20001 20001 1 10 19 40024
J 11 11 4 20001 4 3 20008 20001 20001 1 10 19 40025
J 11 11 4 20001 4 3 20008 20001 20001 1 10 19 40027
J 11 11 4 20001 4 3 20008 20001 20001 1 10 19 4002A
J 11 11 C 20004 20004 4 8 1B 1F 6 54 59 20030
J 11 11 4 20001 4 3 20008 20001 20001 1 10 19 4002C
J 11 11 4 20001 4 3 20008 20001 20001 1 10 19 4002E
J 11 11 4 20001 4 3 20008 20001 20001 1 10 19 4002F
J 11 11 4 20001 4 3 20008 20001 20001 1 10 19 40030
J 11 11 4 20001 4 3 20008 20001 20001 1 10 19 40031
J 11 11 4 20001 4 3 20008 20001 20001 1 10 19 40033
J 11 11 4 20001 4 3 20008 20001 20001 1 10 19 40034
J 11 11 4 20001 4 3 20008 20001 20001 1 10 19 40035
J 11 11 4 20001 4 3 20008 20001 20001 1 1E 11 2003F
J 11 11 4 20001 4 3 20008 20001 20001 1 1E 11 20040
J 11 11 C 20004 20004 4 8 1B 1F 6 54 59 20035
J 11 11 4 20001 4 3 20008 20001 20001 1 2001E 2E 13
J 11 11 4 20001 4 3 20008 20001 20001 1 2001E 2E 14
J 11 11 4 20001 4 3 20008 20001 20001 1 2001E 2E 15
J 11 11 4 20001 4 3 20008 20001 20001 1 2001E 2E 16
J 11 11 4 20001 4 3 20008 20001 20001 1 2001E 2E 17
J 11 11 4 20001 4 3 20008 20001 20001 1 2001E 2E 1B
J 11 11 4 20001 4 3 20008 20001 20001 1 2001E 2E 1C
J 11 11 4 20001 4 3 20008 20001 20001 1 2001E 2E 1E
J 11 11 4 20001 4 3 20008 20001 20001 1 2001E 2E 23
J 11 11 4 20001 4 3 20008 20001 20001 1 2001E 2E 26
J 11 11 C 20004 20004 4 8 1B 1F 6 54 59 20038
J 11 11 4 20001 4 3 20008 20001 20001 1 2001E 2E 27
J 11 11 4 20001 4 3 20008 20001 20001 1 2001E 2E 28
J 11 11 4 20001 4 3 20008 20001 20001 1 2001E 2E 29
J 11 11 4 20001 4 3 20008 20001 20001 1 2001E 2E 2C
J 11 11 4 20001 4 3 20008 20001 20001 1 2001E 2E 2D
J 11 11 4 20001 4 3 20008 20001 20001 1 2001E 2E 2F
J 11 11 4 20001 4 3 20008 20001 20001 1 2001E 2E 30
J 11 11 4 20001 4 3 20008 20001 20001 1 2001E 2E 32
J 11 11 4 20001 4 3 20008 20001 20001 1 2001E 2E 36
J 11 11 4 20001 4 3 20008 20001 20001 1 2001E 2E 37
J 11 11 C 20004 20004 4 8 1B 1F 6 54 59 2003A
J 11 11 4 20001 4 3 20008 20001 20001 1 2001E 2E 38
J 11 11 4 20001 4 3 20008 20001 20001 1 2001E 2E 3A
J 11 11 4 20001 4 3 20008 20001 20001 1 2001E 2E 3B
J 11 11 4 20001 4 3 20008 20001 20001 1 2001E 2E 3C
J 11 11 4 20001 4 3 20008 20001 20001 1 2001E 2E 3D
J 11 11 4 20001 4 3 20008 20001 20001 1 2001E 2E 3E
J 11 11 4 20001 4 3 20008 20001 20001 1 2001E 2E 3F
J 11 11 4 20001 4 3 20008 20001 20001 1 2001E 2E 41
J 11 11 4 20001 4 3 20008 20001 20001 1 2001E 2E 42
J 11 11 4 20001 4 3 20008 20001 20001 1 2001E 2E 44
J 11 11 C 20004 20004 4 8 1B 1F 6 54 59 2003C
J 11 11 4 20001 4 3 20008 20001 20001 1 2001E 2E 45
J 11 11 4 20001 4 3 20008 20001 20001 1 2001E 2E 46
J 11 11 4 20001 4 3 20008 20001 20001 1 2001E 2E 47
J 11 11 4 20001 4 3 20008 20001 20001 1 2001E 2E 4A
J 11 11 4 20001 4 3 20008 20001 20001 1 2001E 2E 4B
J 11 11 4 20001 4 3 20008 20001 20001 1 2001E 2E 4C
J 11 11 4 20001 4 3 20008 20001 20001 1 2001E 2E 4D
J 11 11 4 40001 6 5 2000E 3 17 20001 20001 3 1C
J 11 11 4 40001 6 5 2000E 3 17 20001 20001 3 1D
J 11 11 4 40001 6 5 2000E 3 17 20001 20001 3 1E
J 11 11 C 20004 20004 4 8 1B 1F 6 54 59 47
J 11 11 C 20004 20004 4 8 1B 1F 6 54 59 2003D
J 11 11 4 40001 6 5 2000E 3 17 20001 20001 3 1F
J 11 11 4 40001 6 5 2000E 3 17 20001 20001 3 21
J 11 11 4 40001 6 5 2000E 3 17 20001 20001 3 23
J 11 11 4 40001 6 5 2000E 3 17 20001 20001 3 26
J 11 11 4 40001 6 5 2000E 3 17 20001 20001 3 27
J 11 11 4 40001 6 5 2000E 3 17 20001 20001 3 28
J 11 11 4 40001 6 5 2000E 3 17 20001 20001 3 2A
J 11 11 4 40001 6 5 2000E 3 17 20001 20001 3 2B
J 11 11 4 40001 6 5 2000E 3 17 20001 20001 3 2C
J 11 11 4 40001 6 5 2000E 3 17 20001 20001 3 2D
J 11 11 C 20004 20004 4 8 1B 1F 6 54 59 2003F
J 11 11 4 40001 6 5 2000E 3 17 20001 20001 3 2F
J 11 11 4 40001 6 5 2000E 3 17 20001 20001 3 30
J 11 11 4 40001 6 5 2000E 3 17 20001 20001 3 31
J 11 11 4 20001 4 3 20008 2000C C 20001 1A F 1D
J 11 11 4 20001 4 3 20008 2000C C 20001 1A F 1F
J 11 11 4 20001 4 3 20008 2000C C 20001 1A F 21
J 11 11 4 20001 4 3 20008 2000C C 20001 1A F 23
J 11 11 4 20001 4 3 20008 2000C C 20001 1A F 24
J 11 11 4 20001 4 3 20008 2000C C 20001 1A F 25
J 11 11 4 20001 4 3 20008 2000C C 20001 1A F 26
J 11 11 C 20004 20004 4 8 1B 1F 6 54 59 20056
J 11 11 4 20001 4 3 20008 2000C C 20001 1A F 28
J 11 11 4 20001 4 3 20008 2000C C 20001 1A F 29
J 11 11 4 20001 4 3 20008 2000C C 20001 1A F 2A
J 11 11 4 20001 4 3 20008 2000C C 20001 1A F 2B
J 11 11 4 20001 4 3 20008 2000C C 20001 1A F 2C
J 11 11 4 20001 4 3 20008 2000C C 20001 1A F 2D
J 11 11 4 20001 4 3 20008 2000C C 20001 1A F 2E
J 11 11 4 20001 4 3 20008 2000C C 20001 1A F 20005
J 11 11 4 20001 4 3 20008 2000C C 20001 1A F 20006
J 11 11 4 20001 4 3 20008 2000C C 20001 1A F 20008
J 11 11 C 20004 20004 4 8 1B 1F 6 54 59 2005B
J 11 11 4 20001 4 3 20008 2000C C 20001 1A F 2000D
J 11 11 4 20001 4 3 20008 2000C C 20001 1A F 2000E
J 11 11 4 20001 4 3 20008 2000C C 20001 1A F 2000F
J 11 11 4 20001 4 3 20008 2000C C 20001 1A F 20015
J 11 11 4 20001 4 3 20008 2000C C 20001 1A F 20016
J 11 11 4 20001 4 3 20008 2000C C 20001 1A F 2001A
J 11 11 4 20001 4 3 20008 2000C C 20001 1A F 2001B
J 11 11 4 20001 4 3 20008 2000C C 20001 1A F 2001D
J 11 11 4 20001 4 3 20008 2000C C 20001 1A F 2001F
J 11 11 4 20001 4 3 20008 2000C C 20001 1A F 20021
J 11 11 C 20004 20004 4 8 1B 1F 6 54 59 20068
J 11 11 4 20001 4 3 20008 2000C C 20001 1A F 20023
J 11 11 4 20001 4 3 20008 2000C C 20001 1A F 20024
J 11 11 4 20001 4 3 20008 2000C C 20001 1A F 20026
J 11 11 4 20001 4 3 20008 2000C C 20001 1A F 20028
J 11 11 4 20001 4 3 20008 2000C C 20001 1A F 20029
J 11 11 4 20001 4 3 20008 2000C C 20001 1A F 2002A
J 11 11 4 20001 4 3 20008 2000C C 20001 1A F 2002B
J 11 11 4 20001 4 3 20008 2000C C 20001 1A F 2002C
J 11 11 4 20001 4 3 20008 2000C C 20001 1A F 2002D
J 11 11 4 20001 4 3 20008 2000C C 20001 1A F 2002E
J 11 11 C 20004 20004 4 8 1B 1F 6 54 59 2006A
J 11 11 4 20001 4 3 20008 40001 1 19 20026 2E 2C
J 11 11 4 20001 4 3 20008 40001 1 19 20026 2E 2D
J 11 11 4 20001 4 3 20008 40001 1 19 20026 2E 30
J 11 11 4 20001 4 3 20008 40001 1 19 20026 2E 32
J 11 11 4 20001 4 3 20008 40001 1 19 20026 2E 35
J 11 11 4 20001 4 3 20008 40001 1 19 20026 2E 37
J 11 11 4 20001 4 3 20008 40001 1 19 20026 2E 38
J 11 11 4 20001 4 3 20008 40001 1 19 20026 2E 3A
J 11 11 4 20001 4 3 20008 40001 1 19 20026 2E 3B
J 11 11 4 20001 4 3 20008 40001 1 19 20026 2E 3C
J 11 11 C 20004 20004 4 8 1B 1F 6 54 59 2006C
J 11 11 4 20001 4 3 20008 40001 1 19 20026 2E 3D
J 11 11 4 20001 4 3 20008 40001 1 19 20026 2E 3E
J 11 11 4 20001 4 3 20008 40001 1 19 20026 2E 3F
J 11 11 4 20001 4 3 20008 40001 1 19 20026 2E 41
J 11 11 4 20001 4 3 20008 40001 1 19 20026 2E 44
J 11 11 4 20001 4 3 20008 40001 1 19 20026 2E 46
J 11 11 4 20001 4 3 20008 40001 1 19 20026 2E 47
J 11 11 4 20001 4 3 20008 40001 1 19 20026 2E 4A
J 11 11 4 20001 4 3 20008 40001 1 19 20026 2E 4B
J 11 11 4 20001 4 3 20008 40001 1 19 20026 2E 4C
J 11 11 C 20004 20004 4 8 1B 1F 6 54 59 2006F
J 11 11 4 20001 4 3 20008 40001 1 19 20026 2E 4D
J 11 11 4 20001 4 3 40008 20001 1 7 26 36 20024
J 11 11 4 20001 4 3 40008 20001 1 7 26 36 20027
J 11 11 4 20001 4 3 40008 20001 1 7 26 36 20028
J 11 11 4 20001 4 3 40008 20001 1 7 26 36 2002A
J 11 11 4 20001 4 3 40008 20001 1 7 26 36 2002B
J 11 11 4 20001 4 3 40008 20001 1 7 26 36 2002D
J 11 11 4 20001 4 3 40008 20001 1 7 26 36 2002F
J 11 11 4 20001 4 3 40008 20001 1 7 26 36 20030
J 11 11 4 20001 4 3 40008 20001 1 7 26 36 20031
J 11 11 C 20004 20004 4 8 1B 1F 6 54 59 20071
J 11 11 4 20001 4 3 40008 20001 1 7 26 36 20034
J 11 11 4 20001 4 3 40008 20001 1 7 26 36 20035
J 11 11 4 20001 4 3 40008 20001 1 7 26 36 40005
J 11 11 4 20001 4 3 40008 20001 1 7 26 36 4000F
J 11 11 4 20001 4 3 40008 20001 1 7 26 36 40012
J 11 11 4 20001 4 3 40008 20001 1 7 26 36 4001A
J 11 11 4 20001 4 3 40008 20001 1 7 26 36 4001E
J 11 11 4 20001 4 3 40008 20001 1 7 26 36 40021
J 11 11 4 20001 4 3 40008 20001 1 7 26 36 40024
J 11 11 4 20001 4 3 40008 20001 1 7 26 36 40027
J 11 11 C 20004 20004 4 8 1B 1F 6 54 59 20074
J 11 11 4 20001 4 3 40008 20001 1 7 26 36 40030
J 11 11 4 20001 4 3 40008 20001 1 7 26 36 40031
J 11 11 4 20001 4 3 40008 20001 1 7 26 36 40035
J 11 11 6 20001 7 A 18 20001 12 6 20001 1 20012
J 11 11 6 20001 7 A 18 20001 12 6 20001 1 20015
J 11 11 6 20001 7 A 18 20001 12 6 20001 1 20018
J 11 11 6 20001 7 A 18 20001 12 6 20001 1 2001B
J 11 11 6 20001 7 A 18 20001 12 6 20001 1 2001C
J 11 11 6 20001 7 A 18 20001 12 6 20001 1 2001E
J 11 11 6 20001 7 A 18 20001 12 6 20001 1 2001F
J 11 11 C 20004 20004 4 8 1B 1F 6 54 59 49
J 11 11 C 20004 20004 4 8 1B 1F 6 54 59 20075
J 11 11 6 20001 7 A 18 20001 12 6 20001 1 20020
J 11 11 6 20001 7 A 18 20001 12 6 20001 1 20021
J 11 11 6 20001 7 A 18 20001 12 6 20001 1 20023
J 11 11 6 20001 7 A 18 20001 12 6 20001 1 20025
J 11 11 6 20001 7 A 18 20001 12 6 20001 1 20026
J 11 11 6 20001 7 A 18 20001 12 6 20001 1 40003
J 11 11 6 20001 7 A 18 20001 12 6 20001 1 40020
J 11 11 4 20001 4 3 20008 40001 20001 1 5 11 38
J 11 11 4 20001 4 3 20008 40001 20001 1 5 11 39
J 11 11 4 20001 4 3 20008 40001 20001 1 5 11 3A
J 11 11 4 20001 4 3 40008 20001 20001 1 7 11 30
J 11 11 4 20001 4 3 20008 40001 20001 1 5 11 3B
J 11 11 4 20001 4 3 20008 40001 20001 1 5 11 3C
J 11 11 4 20001 4 3 20008 40001 20001 1 5 11 3D
J 11 11 4 20001 4 3 20008 40001 20001 1 5 11 3E
J 11 11 4 20001 4 3 20008 40001 20001 1 5 11 40
J 11 11 4 20001 4 3 20008 40001 20001 1 5 11 41
J 11 11 4 20001 4 3 20008 40001 20001 1 5 11 42
J 11 11 4 20001 4 3 20008 40001 20001 1 5 11 44
J 11 11 4 20001 4 3 20008 40001 20001 1 5 11 46
J 11 11 4 20001 4 3 20008 40001 20001 1 5 11 47
J 11 11 4 20001 4 3 40008 20001 20001 1 7 11 31
J 11 11 4 20001 4 3 20008 40001 20001 1 5 11 48
J 11 11 4 20001 4 3 20008 40001 20001 1 5 11 49
J 11 11 4 20001 4 3 20008 40001 20001 1 5 11 4A
J 11 11 4 20001 4 3 20008 40001 20001 1 5 11 4B
J 11 11 4 20001 4 3 20008 40001 20001 1 5 11 4D
J 11 11 4 20001 4 3 20008 40001 20001 1 5 11 4F
J 11 11 4 20001 4 3 20008 40001 20001 1 5 11 50
J 11 11 4 20001 4 3 20008 40001 20001 1 5 11 52
J 11 11 4 20001 4 3 20008 40001 20001 1 5 11 53
J 11 11 4 20001 4 3 20008 40001 20001 1 5 11 54
J 11 11 4 20001 4 3 40008 20001 20001 1 7 11 32
J 11 11 4 20001 4 3 20008 40001 20001 1 5 11 56
J 11 11 4 20001 4 3 20008 40001 20001 1 5 11 57
J 11 11 4 20001 4 3 20008 40001 20001 1 5 11 58
J 11 11 4 20001 4 3 20008 40001 20001 1 5 11 59
J 11 11 4 20001 4 3 20008 40001 20001 1 5 11 20009
J 11 11 4 20001 4 3 20008 40001 20001 1 5 11 20013
J 11 11 4 20001 4 3 20008 40001 20001 1 5 11 20015
J 11 11 4 20001 4 3 20008 40001 20001 1 5 11 20017
J 11 11 4 20001 4 3 20008 40001 20001 1 5 11 2001F
J 11 11 4 20001 4 3 20008 40001 20001 1 5 11 20022
J 11 11 4 20001 4 3 40008 20001 20001 1 7 11 34
J 11 11 4 20001 4 3 20008 40001 20001 1 5 11 20027
J 11 11 4 20001 4 3 20008 40001 20001 1 5 11 20028
J 11 11 4 20001 4 3 20008 40001 20001 1 5 11 2002A
J 11 11 4 20001 4 3 20008 40001 20001 1 5 11 2002C
J 11 11 4 20001 4 3 20008 40001 20001 1 5 11 20031
J 11 11 4 20001 4 3 20008 40001 20001 1 5 11 20033
J 11 11 4 20001 4 3 20008 40001 20001 1 5 11 20035
J 11 11 4 20001 4 3 20008 40001 20001 1 5 11 20038
J 11 11 4 20001 4 3 20008 40001 20001 1 5 11 20039
J 11 11 4 20001 4 3 20008 40001 20001 1 5 11 2003B
J 11 11 4 20001 4 3 40008 20001 20001 1 7 11 35
J 11 11 4 20001 4 3 20008 40001 20001 1 5 11 2003D
J 11 11 4 20001 4 3 20008 40001 20001 1 5 11 20047
J 11 11 4 20001 4 3 20008 40001 20001 1 5 11 20049
J 11 11 4 20001 4 3 20008 40001 20001 1 5 11 2004A
J 11 11 4 20001 4 3 20008 40001 20001 1 5 11 2004B
J 11 11 4 20001 4 3 20008 40001 20001 1 5 11 2004F
J 11 11 4 20001 4 3 20008 40001 20001 1 5 11 20050
J 11 11 4 20001 4 3 20008 40001 20001 1 5 11 20053
J 11 11 4 20001 4 3 20008 40001 20001 1 5 11 20056
J 11 11 4 20001 4 3 20008 40001 20001 1 5 11 20057
J 11 11 4 20001 4 3 40008 20001 20001 1 7 11 36
J 11 11 4 20001 4 3 20008 40001 20001 1 5 11 20058
J 11 11 4 20001 4 3 40008 20001 20001 1 7 11 39
J 11 11 4 20001 4 3 40008 20001 20001 1 7 11 3A
J 11 11 4 20001 4 3 40008 20001 20001 1 7 11 3B
J 11 11 C 20004 20004 4 8 1B 1F 6 54 59 4C
J 11 11 4 20001 4 3 40008 20001 20001 1 7 11 3D
J 11 11 4 20001 4 3 40008 20001 20001 1 7 11 3E
J 11 11 4 20001 4 3 40008 20001 20001 1 7 11 3F
J 11 11 4 20001 4 3 40008 20001 20001 1 7 11 40
J 11 11 4 20001 4 3 40008 20001 20001 1 7 11 42
J 11 11 4 20001 4 3 40008 20001 20001 1 7 11 43
J 11 11 4 20001 4 3 40008 20001 20001 1 7 11 44
J 11 11 4 20001 4 3 40008 20001 20001 1 7 11 20006
J 11 11 4 20001 4 3 40008 20001 20001 1 7 11 20010
J 11 11 4 20001 4 3 40008 20001 20001 1 7 11 20013
J 11 11 C 20004 20004 4 8 1B 1F 6 54 59 4E
J 11 11 4 20001 4 3 40008 20001 20001 1 7 11 2001C
J 11 11 4 20001 4 3 40008 20001 20001 1 7 11 20021
J 11 11 4 20001 4 3 40008 20001 20001 1 7 11 20023
J 11 11 4 20001 4 3 40008 20001 20001 1 7 11 20024
J 11 11 4 20001 4 3 40008 20001 20001 1 7 11 20028
J 11 11 4 20001 4 3 40008 20001 20001 1 7 11 2002B
J 11 11 4 20001 4 3 40008 20001 20001 1 7 11 2002E
J 11 11 4 20001 4 3 40008 20001 20001 1 7 11 20030
J 11 11 4 20001 4 3 40008 20001 20001 1 7 11 20031
J 11 11 4 20001 4 3 40008 20001 20001 1 7 11 2003A
J 11 11 C 20004 20004 4 8 1B 1F 6 54 59 4F
J 11 11 4 20001 4 3 40008 20001 20001 1 7 11 2003B
J 11 11 4 20001 4 3 40008 20001 20001 1 7 11 2003F
J 11 11 4 20001 4 3 40008 20001 20001 1 7 11 20040
J 11 11 4 20001 4 3 40008 20001 20001 1 7 11 20042
J 11 11 4 20001 4 3 40008 20001 20001 1 7 11 20043
J 11 11 6 1 40005 2B 25 C F 2000A C 21 20017
J 11 11 6 1 40005 2B 25 C F 2000A C 21 20018
J 11 11 6 1 40005 2B 25 C F 2000A C 21 20019
J 11 11 6 1 40005 2B 25 C F 2000A C 21 2001B
J 11 11 6 1 40005 2B 25 C F 2000A C 21 2001C
