J 4 4 4 10001 10001 2
J 4 4 4 10001 10001 10001
J 4 4 5 10001 10001 10002
J 4 4 6 20002 20002 5
J 4 4 8 20003 1 2A
J 4 4 8 20003 2 1
J 4 4 8 20003 2 4
J 4 4 8 20003 2 5
J 4 4 8 20003 2 8
J 4 4 8 20003 2 A
J 4 4 8 20003 2 B
J 4 4 8 20003 2 13
J 4 4 8 20003 2 14
J 4 4 8 20003 2 17
J 4 4 6 20002 20002 10001
J 4 4 8 20003 2 1A
J 4 4 8 20003 2 1F
J 4 4 8 20003 2 20
J 4 4 8 20003 2 21
J 4 4 8 20003 2 24
J 4 4 8 20003 2 26
J 4 4 8 20003 2 28
J 4 4 8 20003 2 29
J 4 4 8 20003 2 2A
J 4 4 8 20003 3 1
J 4 4 6 20002 20002 10002
J 4 4 8 20003 3 2
J 4 4 8 20003 3 5
J 4 4 8 20003 3 7
J 4 4 8 20003 3 8
J 4 4 8 20003 3 9
J 4 4 8 20003 3 A
J 4 4 8 20003 3 B
J 4 4 8 20003 3 C
J 4 4 8 20003 3 D
J 4 4 8 20003 3 E
J 4 4 7 1 4 4
J 4 4 8 20003 5 1
J 4 4 8 20003 5 7
J 4 4 8 20003 5 A
J 4 4 8 20003 5 B
J 4 4 8 20003 5 F
J 4 4 8 20003 5 10
J 4 4 8 20003 5 11
J 4 4 8 20003 5 15
J 4 4 8 20003 7 C
J 4 4 8 20003 7 14
J 4 4 7 1 4 5
J 4 4 8 20003 D 7
J 4 4 8 20003 D 8
J 4 4 8 20003 D A
J 4 4 8 20003 D B
J 4 4 8 20003 D C
J 4 4 8 20003 E 10
J 4 4 8 20003 E 1B
J 4 4 8 20003 E 1D
J 4 4 8 20003 E 28
J 4 4 8 20003 10001 1
J 4 4 7 1 4 7
J 4 4 8 20003 10001 2
J 4 4 8 20003 10001 3
J 4 4 8 20003 10001 4
J 4 4 8 20003 10001 5
J 4 4 8 20003 10001 8
J 4 4 8 20003 10001 D
J 4 4 8 20003 10001 13
J 4 4 8 20003 10001 15
J 4 4 8 20003 10001 1A
J 4 4 8 20003 10001 1B
J 4 4 7 1 4 9
J 4 4 8 20003 10001 1E
J 4 4 8 20003 10001 20
J 4 4 8 20003 10001 21
J 4 4 8 20003 10001 22
J 4 4 8 20003 10001 25
J 4 4 8 20003 10001 29
J 4 4 8 20003 10001 2A
J 4 4 8 20003 10001 2B
J 4 4 8 20003 10002 1
J 4 4 8 20003 10002 2
J 4 4 7 2 1 8
J 4 4 8 20003 10002 3
J 4 4 8 20003 10002 4
J 4 4 8 20003 10002 5
J 4 4 8 20003 10002 8
J 4 4 8 20003 10002 B
J 4 4 8 20003 10002 19
J 4 4 8 20003 10002 1D
J 4 4 8 20003 10002 23
J 4 4 8 20003 10002 24
J 4 4 8 20003 10002 25
J 4 4 7 2 1 9
J 4 4 8 20003 10002 29
J 4 4 8 20003 10002 2E
J 4 4 8 20003 10002 2F
J 4 4 8 20003 10002 31
J 4 4 8 20003 10003 1
J 4 4 8 20003 10003 2
J 4 4 8 20003 10003 3
J 4 4 8 20003 10003 5
J 4 4 8 20003 10003 8
J 4 4 8 20003 10003 9
J 4 4 7 2 1 D
J 4 4 8 20003 10003 A
J 4 4 8 20003 10003 B
J 4 4 8 20003 10003 C
J 4 4 8 20003 10003 D
J 4 4 8 20003 10003 E
J 4 4 8 20003 10003 F
J 4 4 8 20003 10003 10
J 4 4 8 20003 10003 11
J 4 4 8 20003 10003 13
J 4 4 8 20003 10005 1
J 4 4 5 10001 10002 1
J 4 4 7 2 1 E
J 4 4 8 20003 10005 2
J 4 4 8 20003 10005 3
J 4 4 8 20003 10005 5
J 4 4 8 20003 10005 7
J 4 4 8 20003 10005 8
J 4 4 8 20003 10005 A
J 4 4 8 20003 10005 B
J 4 4 8 20003 10005 F
J 4 4 8 20003 10005 10
J 4 4 8 20003 10005 11
J 4 4 7 2 1 10
J 4 4 8 20003 10007 2
J 4 4 8 20003 10007 3
J 4 4 8 20003 10007 4
J 4 4 8 20003 10007 5
J 4 4 8 20003 10007 8
J 4 4 8 20003 10007 A
J 4 4 8 20003 10007 10
J 4 4 8 20003 10007 12
J 4 4 8 20003 10007 13
J 4 4 8 20003 10007 15
J 4 4 7 2 1 13
J 4 4 8 20003 10007 16
J 4 4 8 20003 1000D 1
J 4 4 8 20003 1000D 3
J 4 4 8 20003 1000D 5
J 4 4 8 20003 1000D 8
J 4 4 8 20003 1000D 9
J 4 4 8 20003 1000D B
J 4 4 8 20003 1000D C
J 4 4 8 20003 1000D D
J 4 4 8 20003 1000D E
J 4 4 7 2 3 4
J 4 4 8 20003 1000D F
J 4 4 8 20003 1000D 13
J 4 4 8 30003 1 5
J 4 4 8 30003 1 8
J 4 4 8 30003 1 B
J 4 4 8 30003 1 E
J 4 4 8 30003 1 10
J 4 4 8 30003 1 14
J 4 4 8 30003 1 17
J 4 4 8 30003 1 1A
J 4 4 7 2 3 5
J 4 4 8 30003 1 1C
J 4 4 8 30003 1 1D
J 4 4 8 30003 1 1F
J 4 4 8 30003 1 20
J 4 4 8 30003 1 21
J 4 4 8 30003 2 1
J 4 4 8 30003 2 4
J 4 4 8 30003 2 5
J 4 4 8 30003 2 8
J 4 4 8 30003 2 9
J 4 4 7 2 3 7
J 4 4 8 30003 2 F
J 4 4 8 30003 2 10
J 4 4 8 30003 2 14
J 4 4 8 30003 2 17
J 4 4 8 30003 2 18
J 4 4 8 30003 2 1A
J 4 4 8 30003 2 1C
J 4 4 8 30003 2 1D
J 4 4 8 30003 2 1F
J 4 4 8 30003 2 20
J 4 4 7 2 3 A
J 4 4 8 30003 2 21
J 4 4 8 30003 3 1
J 4 4 8 30003 3 2
J 4 4 8 30003 3 5
J 4 4 8 30003 3 6
J 4 4 8 30003 3 7
J 4 4 8 30003 3 8
J 4 4 8 30003 3 9
J 4 4 8 30003 5 F
J 4 4 8 30003 5 10
J 4 4 7 2 4 1
J 4 4 8 30003 8 18
J 4 4 8 30003 9 8
J 4 4 8 30003 9 9
J 4 4 8 30003 9 B
J 4 4 8 30003 9 11
J 4 4 8 30003 9 13
J 4 4 9 1 2 3
J 4 4 9 1 2 4
J 4 4 9 1 2 A
J 4 4 9 1 2 B
J 4 4 7 2 4 3
J 4 4 9 1 2 C
J 4 4 9 1 2 D
J 4 4 9 1 2 E
J 4 4 9 1 2 11
J 4 4 9 1 2 12
J 4 4 9 1 2 13
J 4 4 9 1 2 14
J 4 4 9 1 2 16
J 4 4 9 1 2 17
J 4 4 9 1 2 18
J 4 4 7 2 4 8
J 4 4 9 1 2 19
J 4 4 9 1 2 1B
J 4 4 9 1 2 1C
J 4 4 9 1 2 1D
J 4 4 9 1 2 1F
J 4 4 9 1 2 20
J 4 4 9 1 2 22
J 4 4 9 1 3 4
J 4 4 9 1 3 9
J 4 4 9 1 3 C
J 4 4 6 1 3 4
J 4 4 7 2 4 A
J 4 4 9 1 3 D
J 4 4 9 1 3 12
J 4 4 9 1 3 13
J 4 4 9 1 3 16
J 4 4 9 1 3 17
J 4 4 9 1 3 18
J 4 4 9 1 3 19
J 4 4 9 1 3 1F
J 4 4 9 1 3 20
J 4 4 9 1 3 22
J 4 4 7 2 4 C
J 4 4 9 1 4 9
J 4 4 9 1 4 A
J 4 4 9 1 4 D
J 4 4 9 1 4 16
J 4 4 9 1 4 17
J 4 4 9 1 4 18
J 4 4 9 1 4 19
J 4 4 9 1 4 1B
J 4 4 9 1 4 1C
J 4 4 9 1 4 1D
J 4 4 7 2 4 E
J 4 4 9 1 4 1F
J 4 4 9 1 4 22
J 4 4 9 1 5 2
J 4 4 9 1 5 3
J 4 4 9 1 5 4
J 4 4 9 1 5 9
J 4 4 9 1 5 A
J 4 4 9 1 5 B
J 4 4 9 1 5 11
J 4 4 9 1 5 12
J 4 4 7 2 4 10
J 4 4 9 1 5 16
J 4 4 9 1 5 18
J 4 4 9 1 5 19
J 4 4 9 1 5 1B
J 4 4 9 1 5 1C
J 4 4 9 1 5 1D
J 4 4 9 1 5 1F
J 4 4 9 1 5 20
J 4 4 9 1 6 2
J 4 4 9 1 6 3
J 4 4 7 2 4 13
J 4 4 9 1 6 5
J 4 4 9 1 6 6
J 4 4 9 1 6 7
J 4 4 9 1 6 8
J 4 4 9 1 6 C
J 4 4 9 1 6 D
J 4 4 9 1 6 E
J 4 4 9 1 6 F
J 4 4 9 1 6 11
J 4 4 9 1 6 12
J 4 4 7 10001 1 2
J 4 4 9 1 8 9
J 4 4 9 1 8 A
J 4 4 9 1 9 C
J 4 4 9 1 9 D
J 4 4 9 1 C 13
J 4 4 9 1 E 1D
J 4 4 9 1 11 B
J 4 4 9 1 11 12
J 4 4 9 2 5 6
J 4 4 9 2 5 7
J 4 4 7 10001 1 3
J 4 4 9 2 5 9
J 4 4 9 2 5 C
J 4 4 9 2 5 D
J 4 4 9 2 5 F
J 4 4 9 2 5 11
J 4 4 9 2 5 12
J 4 4 9 2 A 10
J 4 4 9 2 C D
J 4 4 9 2 C 13
J 4 4 9 2 10 C
J 4 4 7 10001 1 4
J 4 4 9 2 10 11
J 4 4 9 2 13 9
J 4 4 9 2 13 F
J 4 4 9 2 13 11
J 4 4 9 3 2 A
J 4 4 9 3 2 B
J 4 4 9 3 2 C
J 4 4 9 3 2 D
J 4 4 9 3 2 E
J 4 4 9 3 2 11
J 4 4 7 10001 1 6
J 4 4 9 3 2 12
J 4 4 9 3 2 13
J 4 4 9 3 2 14
J 4 4 9 3 2 17
J 4 4 9 3 2 18
J 4 4 9 3 2 19
J 4 4 9 3 2 1B
J 4 4 9 3 2 1C
J 4 4 9 3 2 1F
J 4 4 9 3 2 20
J 4 4 7 10001 1 7
J 4 4 9 3 2 22
J 4 4 9 3 4 5
J 4 4 9 3 4 6
J 4 4 9 3 4 7
J 4 4 9 3 4 8
J 4 4 9 3 4 9
J 4 4 9 3 4 A
J 4 4 9 3 4 C
J 4 4 9 3 4 D
J 4 4 9 3 4 E
J 4 4 6 1 3 6
J 4 4 7 10001 1 A
J 4 4 9 3 4 F
J 4 4 9 3 4 12
J 4 4 9 3 5 2
J 4 4 9 3 5 4
J 4 4 9 3 5 9
J 4 4 9 3 5 B
J 4 4 9 3 5 10
J 4 4 9 3 5 11
J 4 4 9 3 5 12
J 4 4 9 3 5 13
J 4 4 7 10001 1 B
J 4 4 9 3 5 14
J 4 4 9 3 5 16
J 4 4 9 3 5 18
J 4 4 9 3 5 19
J 4 4 9 3 5 1F
J 4 4 9 3 5 20
J 4 4 9 3 B 11
J 4 4 9 3 F 9
J 4 4 9 3 F B
J 4 4 9 3 F C
J 4 4 7 10001 2 3
J 4 4 9 3 F 12
J 4 4 9 10001 1 2
J 4 4 9 10001 1 3
J 4 4 9 10001 1 4
J 4 4 9 10001 1 5
J 4 4 9 10001 1 6
J 4 4 9 10001 1 8
J 4 4 9 10001 1 9
J 4 4 9 10001 1 A
J 4 4 9 10001 1 D
J 4 4 7 10001 2 4
J 4 4 9 10001 1 E
J 4 4 9 10001 1 F
J 4 4 9 10001 1 10
J 4 4 9 10001 1 12
J 4 4 9 10001 1 13
J 4 4 9 10001 2 3
J 4 4 9 10001 2 4
J 4 4 9 10001 2 5
J 4 4 9 10001 2 6
J 4 4 9 10001 2 A
J 4 4 7 10001 2 E
J 4 4 9 10001 2 B
J 4 4 9 10001 2 C
J 4 4 9 10001 2 D
J 4 4 9 10001 2 12
J 4 4 9 10001 2 13
J 4 4 9 10001 2 14
J 4 4 9 10001 2 15
J 4 4 9 10001 2 17
J 4 4 9 10001 2 18
J 4 4 9 10001 2 19
J 4 4 7 10001 2 F
J 4 4 9 10001 2 1A
J 4 4 9 10001 2 1C
J 4 4 9 10001 2 1D
J 4 4 9 10001 2 1E
J 4 4 9 10001 2 20
J 4 4 9 10001 2 21
J 4 4 9 10001 2 23
J 4 4 9 10001 3 4
J 4 4 9 10001 3 5
J 4 4 9 10001 3 6
J 4 4 7 10001 2 11
J 4 4 9 10001 3 11
J 4 4 9 10001 3 13
J 4 4 9 10001 3 14
J 4 4 9 10001 3 17
J 4 4 9 10001 3 18
J 4 4 9 10001 3 19
J 4 4 9 10001 3 1A
J 4 4 9 10001 3 1C
J 4 4 9 10001 3 1D
J 4 4 9 10001 3 1E
J 4 4 7 10001 2 12
J 4 4 9 10001 3 20
J 4 4 9 10001 3 21
J 4 4 9 10001 3 23
J 4 4 9 10001 4 6
J 4 4 9 10001 4 D
J 4 4 9 10001 4 17
J 4 4 9 10001 4 18
J 4 4 9 10001 4 19
J 4 4 9 10001 4 1A
J 4 4 9 10001 4 1C
J 4 4 7 10001 2 14
J 4 4 9 10001 4 1D
J 4 4 9 10001 4 1E
J 4 4 9 10001 4 20
J 4 4 9 10001 4 21
J 4 4 9 10001 4 23
J 4 4 9 10001 5 4
J 4 4 9 10001 5 6
J 4 4 9 10001 5 A
J 4 4 9 10001 5 12
J 4 4 9 10001 5 13
J 4 4 7 10001 3 4
J 4 4 9 10001 5 17
J 4 4 9 10001 5 18
J 4 4 9 10001 5 19
J 4 4 9 10001 5 1A
J 4 4 9 10001 5 1C
J 4 4 9 10001 5 1D
J 4 4 9 10001 5 1E
J 4 4 9 10001 5 20
J 4 4 9 10001 5 21
J 4 4 9 10001 5 23
J 4 4 6 1 3 8
J 4 4 7 10001 3 9
J 4 4 9 10001 6 A
J 4 4 9 10001 6 B
J 4 4 9 10001 6 11
J 4 4 9 10001 6 12
J 4 4 9 10001 6 13
J 4 4 9 10001 6 17
J 4 4 9 10001 6 18
J 4 4 9 10001 6 19
J 4 4 9 10001 6 1A
J 4 4 9 10001 6 1C
J 4 4 7 10001 3 D
J 4 4 9 10001 6 1D
J 4 4 9 10001 6 1E
J 4 4 9 10001 6 20
J 4 4 9 10001 6 21
J 4 4 9 10001 6 23
J 4 4 9 10001 A E
J 4 4 9 10001 A 29
J 4 4 9 10001 D E
J 4 4 9 10001 D F
J 4 4 9 10001 D 18
J 4 4 7 10001 3 11
J 4 4 9 10001 D 19
J 4 4 9 10001 D 20
J 4 4 9 10001 D 21
J 4 4 9 10001 D 23
J 4 4 9 10001 E A
J 4 4 9 10001 E D
J 4 4 9 10001 E E
J 4 4 9 10001 E 19
J 4 4 9 10001 E 1C
J 4 4 9 10001 F A
J 4 4 7 10001 3 12
J 4 4 9 10001 F C
J 4 4 9 10001 F E
J 4 4 9 10001 F 1D
J 4 4 9 10001 F 1E
J 4 4 9 10001 F 20
J 4 4 9 10001 10 9
J 4 4 9 10001 10 B
J 4 4 9 10001 10 D
J 4 4 9 10001 10 E
J 4 4 9 10001 10 F
J 4 4 7 10001 3 14
J 4 4 9 10001 12 9
J 4 4 9 10001 12 B
J 4 4 9 10001 12 D
J 4 4 9 10001 12 F
J 4 4 9 10001 12 17
J 4 4 9 10001 12 19
J 4 4 9 10001 12 1A
J 4 4 9 10001 13 8
J 4 4 9 10001 13 A
J 4 4 9 10001 13 B
J 4 4 7 10001 4 8
J 4 4 9 10001 13 E
J 4 4 9 10001 13 10
J 4 4 9 10001 13 12
J 4 4 9 10001 10001 1
J 4 4 9 10001 10001 2
J 4 4 9 10001 10001 3
J 4 4 9 10001 10001 4
J 4 4 9 10001 10001 5
J 4 4 9 10001 10001 6
J 4 4 9 10001 10001 8
J 4 4 7 10001 4 D
J 4 4 9 10001 10001 9
J 4 4 9 10001 10001 A
J 4 4 9 10001 10001 B
J 4 4 9 10001 10001 D
J 4 4 9 10001 10001 E
J 4 4 9 10001 10001 F
J 4 4 9 10001 10001 10
J 4 4 9 10001 10001 12
J 4 4 9 10001 10001 13
J 4 4 9 10001 10006 1
J 4 4 7 10001 4 11
J 4 4 9 10001 10006 2
J 4 4 9 10001 10006 3
J 4 4 9 10001 10006 D
J 4 4 9 10001 10006 E
J 4 4 9 10001 10006 F
J 4 4 9 10001 10006 10
J 4 4 9 10001 10006 12
J 4 4 9 10001 10006 13
J 4 4 9 10001 1000D 1
J 4 4 9 10001 1000D 2
J 4 4 7 10001 4 12
J 4 4 9 10001 1000D 4
J 4 4 9 10001 1000D 5
J 4 4 9 10001 1000D 6
J 4 4 9 10001 1000D A
J 4 4 9 10001 1000D 10
J 4 4 9 10001 1000D 11
J 4 4 9 10001 1000D 12
J 4 4 9 10001 1000D 14
J 4 4 9 10001 10012 1
J 4 4 9 10001 10012 2
J 4 4 7 10001 4 14
J 4 4 9 10001 10012 3
J 4 4 9 10001 10012 5
J 4 4 9 10001 10012 6
J 4 4 9 10001 10012 9
J 4 4 9 10001 10012 B
J 4 4 9 10001 10012 C
J 4 4 9 10001 10012 D
J 4 4 9 10001 10012 E
J 4 4 9 10001 10012 10
J 4 4 9 10001 10012 11
J 4 4 6 2 1 B
J 4 4 7 10001 7 D
J 4 4 9 10001 10012 12
J 4 4 9 10001 10012 13
J 4 4 9 10002 1 4
J 4 4 9 10002 1 5
J 4 4 9 10002 1 6
J 4 4 9 10002 1 C
J 4 4 9 10002 1 D
J 4 4 9 10002 1 E
J 4 4 9 10002 1 13
J 4 4 9 10002 1 14
J 4 4 7 10001 A A
J 4 4 9 10002 1 15
J 4 4 9 10002 1 19
J 4 4 9 10002 1 1A
J 4 4 9 10002 1 1B
J 4 4 9 10002 1 1C
J 4 4 9 10002 1 1F
J 4 4 9 10002 1 20
J 4 4 9 10002 1 21
J 4 4 9 10002 1 24
J 4 4 9 10002 1 25
J 4 4 7 10001 A 12
J 4 4 9 10002 1 26
J 4 4 9 10002 1 28
J 4 4 9 10002 1 29
J 4 4 9 10002 1 2B
J 4 4 9 10002 2 1
J 4 4 9 10002 2 3
J 4 4 9 10002 2 4
J 4 4 9 10002 2 5
J 4 4 9 10002 2 6
J 4 4 9 10002 2 A
J 4 4 7 10001 B 8
J 4 4 9 10002 2 B
J 4 4 9 10002 2 C
J 4 4 9 10002 2 D
J 4 4 9 10002 2 E
J 4 4 9 10002 2 F
J 4 4 9 10002 2 11
J 4 4 9 10002 2 12
J 4 4 9 10002 2 13
J 4 4 9 10002 2 14
J 4 4 9 10002 2 16
J 4 4 7 10001 10001 1
J 4 4 9 10002 2 17
J 4 4 9 10002 2 18
J 4 4 9 10002 3 1
J 4 4 9 10002 3 4
J 4 4 9 10002 3 5
J 4 4 9 10002 3 6
J 4 4 9 10002 3 14
J 4 4 9 10002 3 15
J 4 4 9 10002 3 1A
J 4 4 9 10002 3 1B
J 4 4 7 10001 10001 2
J 4 4 9 10002 3 1C
J 4 4 9 10002 3 1F
J 4 4 9 10002 3 20
J 4 4 9 10002 3 21
J 4 4 9 10002 3 24
J 4 4 9 10002 3 25
J 4 4 9 10002 3 28
J 4 4 9 10002 3 29
J 4 4 9 10002 3 2B
J 4 4 9 10002 4 6
J 4 4 7 10001 10001 3
J 4 4 9 10002 4 C
J 4 4 9 10002 4 D
J 4 4 9 10002 4 E
J 4 4 9 10002 4 F
J 4 4 9 10002 4 15
J 4 4 9 10002 4 1B
J 4 4 9 10002 4 1F
J 4 4 9 10002 4 20
J 4 4 9 10002 4 21
J 4 4 9 10002 4 24
J 4 4 7 10001 10001 4
J 4 4 9 10002 4 25
J 4 4 9 10002 4 28
J 4 4 9 10002 4 2B
J 4 4 9 10002 5 4
J 4 4 9 10002 5 6
J 4 4 9 10002 5 C
J 4 4 9 10002 5 D
J 4 4 9 10002 5 E
J 4 4 9 10002 5 F
J 4 4 9 10002 5 19
J 4 4 7 10001 10001 6
J 4 4 9 10002 5 1A
J 4 4 9 10002 5 1F
J 4 4 9 10002 5 20
J 4 4 9 10002 5 21
J 4 4 9 10002 5 24
J 4 4 9 10002 5 25
J 4 4 9 10002 5 28
J 4 4 9 10002 6 C
J 4 4 9 10002 6 D
J 4 4 9 10002 6 E
J 4 4 7 10001 10001 7
J 4 4 9 10002 6 F
J 4 4 9 10002 6 13
J 4 4 9 10002 6 19
J 4 4 9 10002 6 1B
J 4 4 9 10002 6 1F
J 4 4 9 10002 6 20
J 4 4 9 10002 6 21
J 4 4 9 10002 6 24
J 4 4 9 10002 6 25
J 4 4 9 10002 6 28
J 4 4 6 2 1 D
J 4 4 7 10001 10001 8
J 4 4 9 10002 B F
J 4 4 9 10002 B 17
J 4 4 9 10002 B 18
J 4 4 9 10002 C 17
J 4 4 9 10002 C 22
J 4 4 9 10002 11 E
J 4 4 9 10002 11 15
J 4 4 9 10002 11 20
J 4 4 9 10002 11 28
J 4 4 9 10002 11 2B
J 4 4 7 10001 10001 A
J 4 4 9 10002 12 F
J 4 4 9 10002 12 16
J 4 4 9 10002 12 24
J 4 4 9 10002 12 25
J 4 4 9 10002 12 2C
J 4 4 9 10002 13 11
J 4 4 9 10002 13 12
J 4 4 9 10002 16 A
J 4 4 9 10002 16 E
J 4 4 9 10002 16 F
J 4 4 7 10001 10001 B
J 4 4 9 10002 16 11
J 4 4 9 10002 16 13
J 4 4 9 10002 16 14
J 4 4 9 10002 16 18
J 4 4 9 10002 10001 1
J 4 4 9 10002 10001 2
J 4 4 9 10002 10001 3
J 4 4 9 10002 10001 4
J 4 4 9 10002 10001 5
J 4 4 9 10002 10001 6
J 4 4 7 10001 10001 10001
J 4 4 9 10002 10001 14
J 4 4 9 10002 10001 15
J 4 4 9 10002 10001 16
J 4 4 9 10002 10001 1A
J 4 4 9 10002 10001 1B
J 4 4 9 10002 10001 1C
J 4 4 9 10002 10001 1D
J 4 4 9 10002 10001 20
J 4 4 9 10002 10001 21
J 4 4 9 10002 10001 22
J 4 4 7 10001 10001 10002
J 4 4 9 10002 10001 25
J 4 4 9 10002 10001 26
J 4 4 9 10002 10001 27
J 4 4 9 10002 10001 29
J 4 4 9 10002 10001 2A
J 4 4 9 10002 10001 2C
J 4 4 9 10002 10002 1
J 4 4 9 10002 10002 2
J 4 4 9 10002 10002 3
J 4 4 9 10002 10002 4
J 4 4 7 10001 10001 10003
J 4 4 9 10002 10002 5
J 4 4 9 10002 10002 6
J 4 4 9 10002 10002 A
J 4 4 9 10002 10002 B
J 4 4 9 10002 10002 C
J 4 4 9 10002 10002 D
J 4 4 9 10002 10002 E
J 4 4 9 10002 10002 F
J 4 4 9 10002 10002 11
J 4 4 9 10002 10002 12
J 4 4 7 10001 10001 10004
J 4 4 9 10002 10002 13
J 4 4 9 10002 10002 14
J 4 4 9 10002 10002 16
J 4 4 9 10002 10002 17
J 4 4 9 10002 10002 18
J 4 4 9 10002 10002 19
J 4 4 9 10002 10003 1
J 4 4 9 10002 10003 2
J 4 4 9 10002 10003 3
J 4 4 9 10002 10003 4
J 4 4 7 10001 10001 1000A
J 4 4 9 10002 10003 5
J 4 4 9 10002 10003 6
J 4 4 9 10002 10003 B
J 4 4 9 10002 10003 1E
J 4 4 9 10002 10003 23
J 4 4 9 10002 10003 24
J 4 4 9 10002 10003 25
J 4 4 9 10002 10003 29
J 4 4 9 10002 10003 2A
J 4 4 9 10002 10003 2E
J 4 4 7 10001 10001 1000B
J 4 4 9 10002 10003 30
J 4 4 9 10002 10003 33
J 4 4 9 10002 10004 1
J 4 4 9 10002 10004 2
J 4 4 9 10002 10004 3
J 4 4 9 10002 10004 4
J 4 4 9 10002 10004 5
J 4 4 9 10002 10004 6
J 4 4 9 10002 10004 B
J 4 4 9 10002 10004 D
J 4 4 7 10001 10004 1
J 4 4 9 10002 10004 F
J 4 4 9 10002 10004 10
J 4 4 9 10002 10004 17
J 4 4 9 10002 10004 1C
J 4 4 9 10002 10004 1E
J 4 4 9 10002 10004 1F
J 4 4 9 10002 10004 24
J 4 4 9 10002 10004 29
J 4 4 9 10002 10004 2A
J 4 4 9 10002 10004 2E
J 4 4 6 2 4 4
J 4 4 7 10001 10004 2
J 4 4 9 10002 10004 32
J 4 4 9 10002 10004 33
J 4 4 9 10002 10005 1
J 4 4 9 10002 10005 2
J 4 4 9 10002 10005 3
J 4 4 9 10002 10005 6
J 4 4 9 10002 10005 8
J 4 4 9 10002 10005 9
J 4 4 9 10002 10005 B
J 4 4 9 10002 10005 12
J 4 4 7 10001 10004 A
J 4 4 9 10002 10005 16
J 4 4 9 10002 10005 17
J 4 4 9 10002 10006 1
J 4 4 9 10002 10006 2
J 4 4 9 10002 10006 3
J 4 4 9 10002 10006 4
J 4 4 9 10002 10006 5
J 4 4 9 10002 10006 6
J 4 4 9 10002 10006 A
J 4 4 9 10002 10006 C
J 4 4 7 10001 10004 B
J 4 4 9 10002 10006 D
J 4 4 9 10002 10006 E
J 4 4 9 10002 10006 19
J 4 4 9 10002 10006 1A
J 4 4 9 10002 10006 1B
J 4 4 9 10002 10006 1F
J 4 4 9 10002 10006 20
J 4 4 9 10002 10006 24
J 4 4 9 10002 10011 1
J 4 4 9 10002 10011 2
J 4 4 7 10001 10004 1000A
J 4 4 9 10002 10011 3
J 4 4 9 10002 10011 5
J 4 4 9 10002 10011 6
J 4 4 9 10002 10011 A
J 4 4 9 10002 10011 C
J 4 4 9 10002 10011 E
J 4 4 9 10002 10011 F
J 4 4 9 10002 10011 13
J 4 4 9 10002 10011 15
J 4 4 9 10002 10011 16
J 4 4 7 10001 1000A 1
J 4 4 9 10002 10011 1A
J 4 4 9 10002 10011 1B
J 4 4 9 10002 10011 1C
J 4 4 9 10002 10011 1F
J 4 4 9 10002 10011 20
J 4 4 9 10002 10011 21
J 4 4 9 10002 10011 24
J 4 4 9 10002 10011 25
J 4 4 9 10002 10011 26
J 4 4 9 10002 10011 27
J 4 4 7 10001 1000A 2
J 4 4 9 10002 10011 29
J 4 4 9 10002 10011 2C
J 4 4 9 10002 10012 1
J 4 4 9 10002 10012 2
J 4 4 9 10002 10012 3
J 4 4 9 10002 10012 6
J 4 4 9 10002 10012 B
J 4 4 9 10002 10012 E
J 4 4 9 10002 10012 F
J 4 4 9 10002 10012 11
J 4 4 7 10001 1000A 4
J 4 4 9 10002 10012 15
J 4 4 9 10002 10012 17
J 4 4 9 10002 10012 19
J 4 4 9 10002 10012 1C
J 4 4 9 10002 10012 1D
J 4 4 9 10002 10013 1
J 4 4 9 10002 10013 2
J 4 4 9 10002 10013 3
J 4 4 9 10002 10013 5
J 4 4 9 10002 10013 C
J 4 4 7 10001 1000A 8
J 4 4 9 10002 10013 11
J 4 4 9 10002 10013 13
J 4 4 9 10002 10013 14
J 4 4 9 10002 10013 15
J 4 4 9 10002 10013 19
J 4 4 9 10002 10013 1A
J 4 4 9 10002 10013 1E
J 4 4 9 10002 10016 1
J 4 4 9 10002 10016 2
J 4 4 9 10002 10016 3
J 4 4 7 10001 1000A 9
J 4 4 9 10002 10016 4
J 4 4 9 10002 10016 6
J 4 4 9 10002 10016 A
J 4 4 9 10002 10016 C
J 4 4 9 10002 10016 E
J 4 4 9 10002 10016 11
J 4 4 9 10002 10016 12
J 4 4 9 10002 10016 13
J 4 4 9 10002 10016 14
J 4 4 9 10002 10016 16
J 4 4 7 10001 1000A C
J 4 4 9 10002 10016 18
J 4 4 9 10002 10016 19
J 4 4 9 10003 1 A
J 4 4 9 10003 1 D
J 4 4 9 10003 1 E
J 4 4 9 10003 1 12
J 4 4 9 10003 1 14
J 4 4 9 10003 1 15
J 4 4 9 10003 1 16
J 4 4 9 10003 1 1B
J 4 4 6 10001 1 2
J 4 4 7 10002 1 4
J 4 4 9 10003 1 24
J 4 4 9 10003 1 25
J 4 4 9 10003 1 28
J 4 4 9 10003 1 29
J 4 4 9 10003 2 1
J 4 4 9 10003 2 4
J 4 4 9 10003 2 5
J 4 4 9 10003 2 6
J 4 4 9 10003 2 A
J 4 4 9 10003 2 B
J 4 4 7 10002 1 A
J 4 4 9 10003 2 D
J 4 4 9 10003 2 E
J 4 4 9 10003 2 13
J 4 4 9 10003 2 14
J 4 4 9 10003 2 15
J 4 4 9 10003 2 1B
J 4 4 9 10003 2 1F
J 4 4 9 10003 2 20
J 4 4 9 10003 2 24
J 4 4 9 10003 2 25
J 4 4 7 10002 1 F
J 4 4 9 10003 2 28
J 4 4 9 10003 2 29
J 4 4 9 10003 2 2B
J 4 4 9 10003 3 1
J 4 4 9 10003 3 2
J 4 4 9 10003 3 4
J 4 4 9 10003 3 5
J 4 4 9 10003 3 6
J 4 4 9 10003 3 A
J 4 4 9 10003 3 B
J 4 4 7 10002 1 13
J 4 4 9 10003 3 C
J 4 4 9 10003 3 D
J 4 4 9 10003 3 E
J 4 4 9 10003 3 F
J 4 4 9 10003 3 10
J 4 4 9 10003 3 11
J 4 4 9 10003 3 12
J 4 4 9 10003 3 14
J 4 4 9 10003 3 15
J 4 4 9 10003 3 16
J 4 4 7 10002 1 17
J 4 4 9 10003 3 18
J 4 4 9 10003 4 1
J 4 4 9 10003 4 5
J 4 4 9 10003 4 6
J 4 4 9 10003 4 A
J 4 4 9 10003 4 B
J 4 4 9 10003 4 E
J 4 4 9 10003 4 12
J 4 4 9 10003 4 13
J 4 4 9 10003 4 14
J 4 4 7 10002 2 1
J 4 4 9 10003 4 15
J 4 4 9 10003 4 16
J 4 4 9 10003 4 17
J 4 4 9 10003 4 1B
J 4 4 9 10003 4 20
J 4 4 9 10003 4 21
J 4 4 9 10003 4 24
J 4 4 9 10003 4 25
J 4 4 9 10003 4 28
J 4 4 9 10003 4 29
J 4 4 7 10002 2 3
J 4 4 9 10003 4 2B
J 4 4 9 10003 5 1
J 4 4 9 10003 5 A
J 4 4 9 10003 5 D
J 4 4 9 10003 5 F
J 4 4 9 10003 5 12
J 4 4 9 10003 5 13
J 4 4 9 10003 5 14
J 4 4 9 10003 5 15
J 4 4 9 10003 5 16
J 4 4 7 10002 2 4
J 4 4 9 10003 5 1F
J 4 4 9 10003 5 24
J 4 4 9 10003 5 25
J 4 4 9 10003 5 28
J 4 4 9 10003 6 1
J 4 4 9 10003 6 5
J 4 4 9 10003 6 A
J 4 4 9 10003 6 D
J 4 4 9 10003 6 E
J 4 4 9 10003 6 F
J 4 4 7 10002 2 8
J 4 4 9 10003 6 12
J 4 4 9 10003 6 13
J 4 4 9 10003 6 14
J 4 4 9 10003 6 15
J 4 4 9 10003 6 16
J 4 4 9 10003 6 1F
J 4 4 9 10003 6 24
J 4 4 9 10003 6 25
J 4 4 9 10003 6 28
J 4 4 9 10003 A C
J 4 4 7 10002 2 9
J 4 4 9 10003 A 15
J 4 4 9 10003 C 18
J 4 4 9 10003 C 19
J 4 4 9 10003 D 16
J 4 4 9 10003 D 26
J 4 4 9 10003 D 29
J 4 4 9 10003 10 E
J 4 4 9 10003 11 C
J 4 4 9 10003 11 10
J 4 4 9 10003 11 19
J 4 4 6 10001 1 3
J 4 4 7 10002 2 A
J 4 4 9 10003 11 1B
J 4 4 9 10003 11 1C
J 4 4 9 10003 11 1D
J 4 4 9 10003 11 25
J 4 4 9 10003 11 26
J 4 4 9 10003 11 2B
J 4 4 9 10003 11 2C
J 4 4 9 10003 14 A
J 4 4 9 10003 14 10
J 4 4 9 10003 14 13
J 4 4 7 10002 2 B
J 4 4 9 10003 14 15
J 4 4 9 10003 14 16
J 4 4 9 10003 14 1C
J 4 4 9 10003 14 2C
J 4 4 9 10003 15 10
J 4 4 9 10003 15 14
J 4 4 9 10003 10001 1
J 4 4 9 10003 10001 2
J 4 4 9 10003 10001 3
J 4 4 9 10003 10001 4
J 4 4 7 10002 2 D
J 4 4 9 10003 10001 5
J 4 4 9 10003 10001 6
J 4 4 9 10003 10001 13
J 4 4 9 10003 10001 15
J 4 4 9 10003 10001 16
J 4 4 9 10003 10001 17
J 4 4 9 10003 10001 1C
J 4 4 9 10003 10001 20
J 4 4 9 10003 10001 21
J 4 4 9 10003 10001 22
J 4 4 7 10002 2 E
J 4 4 9 10003 10001 25
J 4 4 9 10003 10001 26
J 4 4 9 10003 10001 29
J 4 4 9 10003 10001 2A
J 4 4 9 10003 10001 2C
J 4 4 9 10003 10003 1
J 4 4 9 10003 10003 2
J 4 4 9 10003 10003 3
J 4 4 9 10003 10003 4
J 4 4 9 10003 10003 5
J 4 4 7 10002 2 F
J 4 4 9 10003 10003 6
J 4 4 9 10003 10003 A
J 4 4 9 10003 10003 B
J 4 4 9 10003 10003 C
J 4 4 9 10003 10003 D
J 4 4 9 10003 10003 E
J 4 4 9 10003 10003 F
J 4 4 9 10003 10003 10
J 4 4 9 10003 10003 11
J 4 4 9 10003 10003 12
J 4 4 7 10002 3 1
J 4 4 9 10003 10003 14
J 4 4 9 10003 10003 15
J 4 4 9 10003 10003 16
J 4 4 9 10003 10003 18
J 4 4 9 10003 10003 19
J 4 4 9 10003 10004 1
J 4 4 9 10003 10004 2
J 4 4 9 10003 10004 3
J 4 4 9 10003 10004 6
J 4 4 9 10003 10004 7
J 4 4 7 10002 3 4
J 4 4 9 10003 10004 F
J 4 4 9 10003 10004 10
J 4 4 9 10003 10004 12
J 4 4 9 10003 10004 13
J 4 4 9 10003 10006 1
J 4 4 9 10003 10006 2
J 4 4 9 10003 10006 3
J 4 4 9 10003 10006 4
J 4 4 9 10003 10006 5
J 4 4 9 10003 10006 6
J 4 4 7 10002 3 8
J 4 4 9 10003 10006 A
J 4 4 9 10003 10006 B
J 4 4 9 10003 10006 D
J 4 4 9 10003 10006 E
J 4 4 9 10003 10006 12
J 4 4 9 10003 10006 13
J 4 4 9 10003 10006 14
J 4 4 9 10003 10006 15
J 4 4 9 10003 10006 16
J 4 4 9 10003 10006 17
J 4 4 7 10002 3 F
J 4 4 9 10003 10006 1F
J 4 4 9 10003 10006 20
J 4 4 9 10003 10006 24
J 4 4 9 10003 1000A 2
J 4 4 9 10003 1000A 3
J 4 4 9 10003 1000A 4
J 4 4 9 10003 1000A 5
J 4 4 9 10003 1000A 6
J 4 4 9 10003 1000A A
J 4 4 9 10003 1000A C
J 4 4 7 10002 3 14
J 4 4 9 10003 1000A D
J 4 4 9 10003 1000A 12
J 4 4 9 10003 1000A 13
J 4 4 9 10003 1000A 15
J 4 4 9 10003 1000A 16
J 4 4 9 10003 10014 1
J 4 4 9 10003 10014 2
J 4 4 9 10003 10014 3
J 4 4 9 10003 10014 4
J 4 4 9 10003 10014 6
J 4 4 5 10001 1 4
J 4 4 6 10001 1 5
J 4 4 7 10002 3 17
J 4 4 9 10003 10014 A
J 4 4 9 10003 10014 B
J 4 4 9 10003 10014 F
J 4 4 9 10003 10014 10
J 4 4 9 10003 10014 12
J 4 4 9 10003 10014 13
J 4 4 9 10003 10014 15
J 4 4 9 10003 10014 16
J 4 4 9 10003 10014 1C
J 4 4 9 10003 10014 20
J 4 4 7 10002 3 1A
J 4 4 9 10003 10014 21
J 4 4 9 10003 10014 24
J 4 4 9 10003 10014 25
J 4 4 9 10003 10014 28
J 4 4 9 10003 10014 29
J 4 4 9 10003 10014 2D
J 4 4 9 20002 1 3
J 4 4 9 20002 1 4
J 4 4 9 20002 1 5
J 4 4 9 20002 1 6
J 4 4 7 10002 4 A
J 4 4 9 20002 1 9
J 4 4 9 20002 1 E
J 4 4 9 20002 1 16
J 4 4 9 20002 1 1C
J 4 4 9 20002 1 1D
J 4 4 9 20002 1 1E
J 4 4 9 20002 1 20
J 4 4 9 20002 1 23
J 4 4 9 20002 1 24
J 4 4 9 20002 1 25
J 4 4 7 10002 4 B
J 4 4 9 20002 1 27
J 4 4 9 20002 1 29
J 4 4 9 20002 1 2A
J 4 4 9 20002 1 2B
J 4 4 9 20002 1 2C
J 4 4 9 20002 1 2E
J 4 4 9 20002 1 2F
J 4 4 9 20002 1 30
J 4 4 9 20002 1 32
J 4 4 9 20002 1 33
J 4 4 7 10002 4 13
J 4 4 9 20002 1 34
J 4 4 9 20002 2 1
J 4 4 9 20002 2 3
J 4 4 9 20002 2 4
J 4 4 9 20002 2 5
J 4 4 9 20002 2 6
J 4 4 9 20002 2 9
J 4 4 9 20002 2 A
J 4 4 9 20002 2 B
J 4 4 9 20002 2 C
J 4 4 7 10002 4 17
J 4 4 9 20002 2 D
J 4 4 9 20002 2 E
J 4 4 9 20002 2 F
J 4 4 9 20002 2 11
J 4 4 9 20002 2 12
J 4 4 9 20002 2 13
J 4 4 9 20002 2 15
J 4 4 9 20002 3 4
J 4 4 9 20002 3 5
J 4 4 9 20002 3 6
J 4 4 7 10002 8 11
J 4 4 9 20002 3 9
J 4 4 9 20002 3 C
J 4 4 9 20002 3 F
J 4 4 9 20002 3 13
J 4 4 9 20002 3 14
J 4 4 9 20002 3 15
J 4 4 9 20002 3 17
J 4 4 9 20002 3 1A
J 4 4 9 20002 3 1B
J 4 4 9 20002 3 1C
J 4 4 7 10002 9 C
J 4 4 9 20002 3 1E
J 4 4 9 20002 3 1F
J 4 4 9 20002 3 20
J 4 4 9 20002 3 22
J 4 4 9 20002 3 23
J 4 4 9 20002 3 25
J 4 4 9 20002 4 C
J 4 4 9 20002 4 D
J 4 4 9 20002 4 E
J 4 4 9 20002 4 F
J 4 4 7 10002 9 D
J 4 4 9 20002 4 15
J 4 4 9 20002 4 17
J 4 4 9 20002 4 19
J 4 4 9 20002 4 1B
J 4 4 9 20002 4 1E
J 4 4 9 20002 4 1F
J 4 4 9 20002 4 20
J 4 4 9 20002 4 22
J 4 4 9 20002 4 23
J 4 4 9 20002 4 25
J 4 4 7 10002 9 11
J 4 4 9 20002 5 4
J 4 4 9 20002 5 6
J 4 4 9 20002 5 B
J 4 4 9 20002 5 C
J 4 4 9 20002 5 D
J 4 4 9 20002 5 E
J 4 4 9 20002 5 F
J 4 4 9 20002 5 12
J 4 4 9 20002 5 17
J 4 4 9 20002 5 19
J 4 4 6 10001 1 6
J 4 4 7 10002 10001 1
J 4 4 9 20002 5 1A
J 4 4 9 20002 5 1E
J 4 4 9 20002 5 1F
J 4 4 9 20002 5 20
J 4 4 9 20002 5 22
J 4 4 9 20002 5 23
J 4 4 9 20002 5 25
J 4 4 9 20002 6 4
J 4 4 9 20002 6 B
J 4 4 9 20002 6 C
J 4 4 7 10002 10001 2
J 4 4 9 20002 6 E
J 4 4 9 20002 6 F
J 4 4 9 20002 6 12
J 4 4 9 20002 6 17
J 4 4 9 20002 6 19
J 4 4 9 20002 6 1E
J 4 4 9 20002 6 1F
J 4 4 9 20002 6 20
J 4 4 9 20002 6 22
J 4 4 9 20002 6 23
J 4 4 7 10002 10001 3
J 4 4 9 20002 6 25
J 4 4 9 20002 B 1A
J 4 4 9 20002 B 1D
J 4 4 9 20002 C 18
J 4 4 9 20002 C 2C
J 4 4 9 20002 E D
J 4 4 9 20002 E 17
J 4 4 9 20002 11 D
J 4 4 9 20002 11 E
J 4 4 9 20002 11 F
J 4 4 7 10002 10001 4
J 4 4 9 20002 11 15
J 4 4 9 20002 11 1F
J 4 4 9 20002 11 25
J 4 4 9 20002 12 F
J 4 4 9 20002 12 16
J 4 4 9 20002 12 22
J 4 4 9 20002 12 23
J 4 4 9 20002 13 F
J 4 4 9 20002 13 11
J 4 4 9 20002 13 12
J 4 4 7 10002 10001 10
J 4 4 9 20002 15 9
J 4 4 9 20002 15 D
J 4 4 9 20002 15 E
J 4 4 9 20002 15 F
J 4 4 9 20002 15 13
J 4 4 9 20003 1 B
J 4 4 9 20003 1 E
J 4 4 9 20003 1 F
J 4 4 9 20003 1 11
J 4 4 9 20003 1 14
J 4 4 7 10002 10001 14
J 4 4 9 20003 1 16
J 4 4 9 20003 1 17
J 4 4 9 20003 1 1D
J 4 4 9 20003 1 1E
J 4 4 9 20003 1 29
J 4 4 9 20003 1 2A
J 4 4 9 20003 1 2C
J 4 4 9 20003 1 2E
J 4 4 9 20003 1 2F
J 4 4 9 20003 1 30
J 4 4 7 10002 10001 15
J 4 4 9 20003 1 32
J 4 4 9 20003 1 33
J 4 4 9 20003 1 34
J 4 4 9 20003 2 1
J 4 4 9 20003 2 5
J 4 4 9 20003 2 6
J 4 4 9 20003 2 9
J 4 4 9 20003 2 B
J 4 4 9 20003 2 C
J 4 4 9 20003 2 E
J 4 4 7 10002 10001 18
J 4 4 9 20003 2 15
J 4 4 9 20003 2 16
J 4 4 9 20003 2 17
J 4 4 9 20003 2 1A
J 4 4 9 20003 2 1D
J 4 4 9 20003 2 1E
J 4 4 9 20003 2 23
J 4 4 9 20003 2 24
J 4 4 9 20003 2 25
J 4 4 9 20003 2 26
J 4 4 7 10002 10001 1B
J 4 4 9 20003 2 29
J 4 4 9 20003 2 2A
J 4 4 9 20003 2 2C
J 4 4 9 20003 2 2E
J 4 4 9 20003 2 2F
J 4 4 9 20003 2 30
J 4 4 9 20003 2 32
J 4 4 9 20003 2 33
J 4 4 9 20003 2 34
J 4 4 9 20003 3 1
J 4 4 7 10002 10001 10014
J 4 4 9 20003 3 2
J 4 4 9 20003 3 4
J 4 4 9 20003 3 5
J 4 4 9 20003 3 6
J 4 4 9 20003 3 9
J 4 4 9 20003 3 B
J 4 4 9 20003 3 C
J 4 4 9 20003 3 D
J 4 4 9 20003 3 E
J 4 4 9 20003 3 F
J 4 4 6 10001 1 9
J 4 4 7 10002 10002 1
J 4 4 9 20003 3 10
J 4 4 9 20003 3 11
J 4 4 9 20003 3 12
J 4 4 9 20003 3 13
J 4 4 9 20003 3 14
J 4 4 9 20003 3 16
J 4 4 9 20003 3 17
J 4 4 9 20003 3 18
J 4 4 9 20003 3 19
J 4 4 9 20003 3 1B
J 4 4 7 10002 10002 2
J 4 4 9 20003 3 1C
J 4 4 9 20003 4 1
J 4 4 9 20003 4 2
J 4 4 9 20003 4 5
J 4 4 9 20003 4 6
J 4 4 9 20003 4 B
J 4 4 9 20003 4 F
J 4 4 9 20003 4 11
J 4 4 9 20003 4 14
J 4 4 9 20003 4 15
J 4 4 7 10002 10002 3
J 4 4 9 20003 4 16
J 4 4 9 20003 4 17
J 4 4 9 20003 4 18
J 4 4 9 20003 4 19
J 4 4 9 20003 4 1A
J 4 4 9 20003 4 1D
J 4 4 9 20003 4 1E
J 4 4 9 20003 4 21
J 4 4 9 20003 4 24
J 4 4 9 20003 4 25
J 4 4 7 10002 10002 4
J 4 4 9 20003 4 26
J 4 4 9 20003 4 29
J 4 4 9 20003 4 2A
J 4 4 9 20003 4 2E
J 4 4 9 20003 4 32
J 4 4 9 20003 4 33
J 4 4 9 20003 5 1
J 4 4 9 20003 5 B
J 4 4 9 20003 5 10
J 4 4 9 20003 5 11
J 4 4 7 10002 10002 8
J 4 4 9 20003 5 14
J 4 4 9 20003 5 15
J 4 4 9 20003 5 16
J 4 4 9 20003 5 17
J 4 4 9 20003 5 18
J 4 4 9 20003 5 19
J 4 4 9 20003 5 1A
J 4 4 9 20003 5 29
J 4 4 9 20003 5 2A
J 4 4 9 20003 5 2E
J 4 4 7 10002 10002 9
J 4 4 9 20003 5 32
J 4 4 9 20003 5 34
J 4 4 9 20003 6 1
J 4 4 9 20003 6 5
J 4 4 9 20003 6 B
J 4 4 9 20003 6 E
J 4 4 9 20003 6 F
J 4 4 9 20003 6 10
J 4 4 9 20003 6 11
J 4 4 9 20003 6 14
J 4 4 7 10002 10002 A
J 4 4 9 20003 6 15
J 4 4 9 20003 6 16
J 4 4 9 20003 6 17
J 4 4 9 20003 6 18
J 4 4 9 20003 6 19
J 4 4 9 20003 6 1A
J 4 4 9 20003 6 23
J 4 4 9 20003 6 24
J 4 4 9 20003 6 29
J 4 4 9 20003 6 2A
J 4 4 7 10002 10002 B
J 4 4 9 20003 6 2E
J 4 4 9 20003 6 2F
J 4 4 9 20003 6 32
J 4 4 9 20003 6 34
J 4 4 9 20003 9 1
J 4 4 9 20003 9 4
J 4 4 9 20003 9 5
J 4 4 9 20003 9 6
J 4 4 9 20003 9 B
J 4 4 9 20003 9 E
J 4 4 7 10002 10002 D
J 4 4 9 20003 9 F
J 4 4 9 20003 9 10
J 4 4 9 20003 9 14
J 4 4 9 20003 9 15
J 4 4 9 20003 9 16
J 4 4 9 20003 9 17
J 4 4 9 20003 9 18
J 4 4 9 20003 9 1C
J 4 4 9 20003 9 1D
J 4 4 9 20003 9 1E
J 4 4 7 10002 10002 E
J 4 4 9 20003 9 23
J 4 4 9 20003 9 24
J 4 4 9 20003 9 29
J 4 4 9 20003 9 2A
J 4 4 9 20003 9 2E
J 4 4 9 20003 9 2F
J 4 4 9 20003 9 30
J 4 4 9 20003 B E
J 4 4 9 20003 B 17
J 4 4 9 20003 E 16
J 4 4 6 10001 2 3
J 4 4 7 10002 10002 F
J 4 4 9 20003 E 1F
J 4 4 9 20003 E 21
J 4 4 9 20003 12 11
J 4 4 9 20003 12 12
J 4 4 9 20003 12 1D
J 4 4 9 20003 13 D
J 4 4 9 20003 13 11
J 4 4 9 20003 13 1C
J 4 4 9 20003 13 1E
J 4 4 9 20003 13 1F
J 4 4 7 10002 10002 10
J 4 4 9 20003 13 20
J 4 4 9 20003 13 21
J 4 4 9 20003 13 2A
J 4 4 9 20003 13 2B
J 4 4 9 20003 13 2C
J 4 4 9 20003 13 32
J 4 4 9 20003 13 33
J 4 4 9 20003 13 34
J 4 4 9 20003 13 35
J 4 4 9 20003 14 12
J 4 4 7 10002 10002 10001
J 4 4 9 20003 14 21
J 4 4 9 20003 14 29
J 4 4 9 20003 16 B
J 4 4 9 20003 16 10
J 4 4 9 20003 16 15
J 4 4 9 20003 16 17
J 4 4 9 20003 16 18
J 4 4 9 20003 16 1F
J 4 4 9 20003 16 34
J 4 4 9 20003 16 35
J 4 4 7 10002 10002 10002
J 4 4 9 20003 17 16
J 4 4 A 1 2 3
J 4 4 A 1 2 4
J 4 4 A 1 2 5
J 4 4 A 1 2 B
J 4 4 A 1 2 C
J 4 4 A 1 2 D
J 4 4 A 1 2 E
J 4 4 A 1 2 F
J 4 4 A 1 2 10
J 4 4 7 10002 10002 10003
J 4 4 A 1 2 13
J 4 4 A 1 2 14
J 4 4 A 1 2 15
J 4 4 A 1 2 16
J 4 4 A 1 2 17
J 4 4 A 1 2 19
J 4 4 A 1 2 1A
J 4 4 A 1 2 1B
J 4 4 A 1 2 1C
J 4 4 A 1 2 1D
J 4 4 7 10002 10002 10004
J 4 4 A 1 2 1F
J 4 4 A 1 2 20
J 4 4 A 1 2 21
J 4 4 A 1 2 22
J 4 4 A 1 2 24
J 4 4 A 1 2 25
J 4 4 A 1 2 26
J 4 4 A 1 2 28
J 4 4 A 1 2 29
J 4 4 A 1 2 2B
J 4 4 7 10002 10002 1000D
J 4 4 A 1 3 A
J 4 4 A 1 3 D
J 4 4 A 1 3 E
J 4 4 A 1 3 F
J 4 4 A 1 3 14
J 4 4 A 1 3 15
J 4 4 A 1 3 16
J 4 4 A 1 3 19
J 4 4 A 1 3 1A
J 4 4 A 1 3 1B
J 4 4 7 10002 10003 1
J 4 4 A 1 3 1C
J 4 4 A 1 3 1D
J 4 4 A 1 3 24
J 4 4 A 1 3 25
J 4 4 A 1 3 26
J 4 4 A 1 3 28
J 4 4 A 1 3 29
J 4 4 A 1 3 2B
J 4 4 A 1 4 3
J 4 4 A 1 4 5
J 4 4 7 10002 10003 2
J 4 4 A 1 4 A
J 4 4 A 1 4 B
J 4 4 A 1 4 E
J 4 4 A 1 4 F
J 4 4 A 1 4 15
J 4 4 A 1 4 19
J 4 4 A 1 4 1A
J 4 4 A 1 4 1B
J 4 4 A 1 4 1C
J 4 4 A 1 4 1D
J 4 4 7 10002 10003 5
J 4 4 A 1 4 1F
J 4 4 A 1 4 20
J 4 4 A 1 4 21
J 4 4 A 1 4 22
J 4 4 A 1 4 24
J 4 4 A 1 4 28
J 4 4 A 1 4 29
J 4 4 A 1 4 2B
J 4 4 A 1 5 3
J 4 4 A 1 5 A
J 4 4 6 10001 2 7
J 4 4 7 10002 10003 D
J 4 4 A 1 5 B
J 4 4 A 1 5 C
J 4 4 A 1 5 F
J 4 4 A 1 5 13
J 4 4 A 1 5 14
J 4 4 A 1 5 19
J 4 4 A 1 5 1B
J 4 4 A 1 5 1C
J 4 4 A 1 5 1D
J 4 4 A 1 5 1F
J 4 4 7 10002 10003 10001
J 4 4 A 1 5 20
J 4 4 A 1 5 21
J 4 4 A 1 5 22
J 4 4 A 1 5 24
J 4 4 A 1 5 25
J 4 4 A 1 5 26
J 4 4 A 1 5 28
J 4 4 A 1 5 2B
J 4 4 A 1 6 2
J 4 4 A 1 6 3
J 4 4 7 10002 10003 10005
J 4 4 A 1 6 4
J 4 4 A 1 6 5
J 4 4 A 1 6 A
J 4 4 A 1 6 B
J 4 4 A 1 6 C
J 4 4 A 1 6 D
J 4 4 A 1 6 13
J 4 4 A 1 6 15
J 4 4 A 1 6 19
J 4 4 A 1 6 1A
J 4 4 7 10002 10004 1
J 4 4 A 1 6 1C
J 4 4 A 1 6 1D
J 4 4 A 1 6 1F
J 4 4 A 1 6 21
J 4 4 A 1 6 22
J 4 4 A 1 6 24
J 4 4 A 1 6 25
J 4 4 A 1 6 26
J 4 4 A 1 6 28
J 4 4 A 1 6 29
J 4 4 7 10002 10004 2
J 4 4 A 1 7 2
J 4 4 A 1 7 3
J 4 4 A 1 7 4
J 4 4 A 1 7 6
J 4 4 A 1 7 7
J 4 4 A 1 7 8
J 4 4 A 1 7 9
J 4 4 A 1 7 A
J 4 4 A 1 7 E
J 4 4 A 1 7 F
J 4 4 7 10002 10004 3
J 4 4 A 1 7 10
J 4 4 A 1 7 11
J 4 4 A 1 7 12
J 4 4 A 1 7 14
J 4 4 A 1 7 15
J 4 4 A 1 7 16
J 4 4 A 1 7 18
J 4 4 A 1 9 A
J 4 4 A 1 9 B
J 4 4 A 1 A D
J 4 4 7 10002 10004 4
J 4 4 A 1 A E
J 4 4 A 1 A F
J 4 4 A 1 B E
J 4 4 A 1 E 17
J 4 4 A 1 10 29
J 4 4 A 1 11 22
J 4 4 A 1 14 C
J 4 4 A 1 14 15
J 4 4 A 1 14 16
J 4 4 A 1 14 18
J 4 4 7 10002 10004 8
J 4 4 A 1 15 A
J 4 4 A 1 15 C
J 4 4 A 1 15 1A
J 4 4 A 1 15 1C
J 4 4 A 1 15 1D
J 4 4 A 1 15 25
J 4 4 A 1 15 26
J 4 4 A 1 15 29
J 4 4 A 1 18 B
J 4 4 A 1 18 D
J 4 4 7 10002 10004 A
J 4 4 A 1 18 E
J 4 4 A 2 3 B
J 4 4 A 2 3 C
J 4 4 A 2 3 D
J 4 4 A 2 3 E
J 4 4 A 2 3 F
J 4 4 A 2 3 10
J 4 4 A 2 3 13
J 4 4 A 2 3 14
J 4 4 A 2 3 15
J 4 4 7 10002 10004 13
J 4 4 A 2 3 16
J 4 4 A 2 3 17
J 4 4 A 2 3 1A
J 4 4 A 2 3 1B
J 4 4 A 2 3 1C
J 4 4 A 2 3 1D
J 4 4 A 2 3 1F
J 4 4 A 2 3 20
J 4 4 A 2 3 21
J 4 4 A 2 3 24
J 4 4 6 10001 2 C
J 4 4 7 10002 10004 10001
J 4 4 A 2 3 25
J 4 4 A 2 3 26
J 4 4 A 2 3 28
J 4 4 A 2 3 29
J 4 4 A 2 3 2B
J 4 4 A 2 4 3
J 4 4 A 2 4 6
J 4 4 A 2 4 B
J 4 4 A 2 4 D
J 4 4 A 2 4 E
J 4 4 7 10002 10004 10013
J 4 4 A 2 4 F
J 4 4 A 2 4 12
J 4 4 A 2 4 14
J 4 4 A 2 4 15
J 4 4 A 2 4 16
J 4 4 A 2 4 1C
J 4 4 A 2 4 1F
J 4 4 A 2 4 20
J 4 4 A 2 4 21
J 4 4 A 2 4 22
J 4 4 7 10002 1000D 1
J 4 4 A 2 4 24
J 4 4 A 2 4 25
J 4 4 A 2 4 28
J 4 4 A 2 4 29
J 4 4 A 2 4 2B
J 4 4 A 2 5 4
J 4 4 A 2 5 6
J 4 4 A 2 5 B
J 4 4 A 2 5 C
J 4 4 A 2 5 E
J 4 4 7 10002 1000D 2
J 4 4 A 2 5 F
J 4 4 A 2 5 12
J 4 4 A 2 5 13
J 4 4 A 2 5 15
J 4 4 A 2 5 16
J 4 4 A 2 5 17
J 4 4 A 2 5 19
J 4 4 A 2 5 1A
J 4 4 A 2 5 1C
J 4 4 A 2 5 1F
J 4 4 7 10002 1000D 3
J 4 4 A 2 5 20
J 4 4 A 2 5 21
J 4 4 A 2 5 22
J 4 4 A 2 5 24
J 4 4 A 2 5 25
J 4 4 A 2 5 26
J 4 4 A 2 5 28
J 4 4 A 2 5 2B
J 4 4 A 2 6 7
J 4 4 A 2 6 8
J 4 4 7 10002 1000D D
J 4 4 A 2 6 9
J 4 4 A 2 6 B
J 4 4 A 2 6 E
J 4 4 A 2 6 F
J 4 4 A 2 6 10
J 4 4 A 2 6 12
J 4 4 A 2 6 14
J 4 4 A 2 6 15
J 4 4 A 2 6 18
J 4 4 A 2 C 20
J 4 4 7 10002 1000D F
J 4 4 A 2 E F
J 4 4 A 2 E 17
J 4 4 A 2 13 E
J 4 4 A 2 13 17
J 4 4 A 2 13 26
J 4 4 A 2 17 A
J 4 4 A 2 17 B
J 4 4 A 2 17 C
J 4 4 A 2 17 E
J 4 4 A 3 5 2
J 4 4 7 10002 1000D 10
J 4 4 A 3 5 4
J 4 4 A 3 5 6
J 4 4 A 3 5 8
J 4 4 A 3 5 B
J 4 4 A 3 5 E
J 4 4 A 3 5 F
J 4 4 A 3 5 10
J 4 4 A 3 5 11
J 4 4 A 3 5 12
J 4 4 A 3 5 14
J 4 4 7 10002 1000D 10001
J 4 4 A 3 5 16
J 4 4 A 3 C 1B
J 4 4 A 3 10 A
J 4 4 A 3 11 A
J 4 4 A 3 11 C
J 4 4 A 3 11 D
J 4 4 A 3 11 18
J 4 4 A 3 12 A
J 4 4 A 3 12 B
J 4 4 A 3 12 C
J 4 4 7 20002 1 4
J 4 4 A 3 12 15
J 4 4 A 3 12 16
J 4 4 A 3 18 B
J 4 4 A 3 18 14
J 4 4 A 3 18 16
J 4 4 A 4 3 A
J 4 4 A 4 3 B
J 4 4 A 4 3 C
J 4 4 A 4 3 D
J 4 4 A 4 3 E
J 4 4 6 10001 2 E
J 4 4 7 20002 1 7
J 4 4 A 4 3 F
J 4 4 A 4 3 10
J 4 4 A 4 3 12
J 4 4 A 4 3 13
J 4 4 A 4 3 14
J 4 4 A 4 3 15
J 4 4 A 4 3 16
J 4 4 A 4 3 17
J 4 4 A 4 3 1A
J 4 4 A 4 3 1B
J 4 4 7 20002 1 B
J 4 4 A 4 3 1C
J 4 4 A 4 3 1D
J 4 4 A 4 3 20
J 4 4 A 4 3 21
J 4 4 A 4 3 22
J 4 4 A 4 3 24
J 4 4 A 4 3 25
J 4 4 A 4 3 26
J 4 4 A 4 3 28
J 4 4 A 4 3 29
J 4 4 7 20002 1 16
J 4 4 A 4 3 2B
J 4 4 A 4 D B
J 4 4 A 4 D D
J 4 4 A 4 D E
J 4 4 A 10001 1 2
J 4 4 A 10001 1 3
J 4 4 A 10001 1 4
J 4 4 A 10001 1 5
J 4 4 A 10001 1 6
J 4 4 A 10001 1 7
J 4 4 7 20002 1 18
J 4 4 A 10001 1 9
J 4 4 A 10001 1 A
J 4 4 A 10001 1 B
J 4 4 A 10001 1 C
J 4 4 A 10001 1 F
J 4 4 A 10001 1 10
J 4 4 A 10001 1 11
J 4 4 A 10001 1 12
J 4 4 A 10001 1 13
J 4 4 A 10001 1 15
J 4 4 7 20002 1 1B
J 4 4 A 10001 1 16
J 4 4 A 10001 1 17
J 4 4 A 10001 1 19
J 4 4 A 10001 2 3
J 4 4 A 10001 2 4
J 4 4 A 10001 2 5
J 4 4 A 10001 2 6
J 4 4 A 10001 2 7
J 4 4 A 10001 2 B
J 4 4 A 10001 2 C
J 4 4 7 20002 1 1F
J 4 4 A 10001 2 D
J 4 4 A 10001 2 E
J 4 4 A 10001 2 F
J 4 4 A 10001 2 14
J 4 4 A 10001 2 15
J 4 4 A 10001 2 16
J 4 4 A 10001 2 17
J 4 4 A 10001 2 18
J 4 4 A 10001 2 1A
J 4 4 A 10001 2 1B
J 4 4 7 20002 1 20
J 4 4 A 10001 2 1C
J 4 4 A 10001 2 1D
J 4 4 A 10001 2 1E
J 4 4 A 10001 2 20
J 4 4 A 10001 2 21
J 4 4 A 10001 2 22
J 4 4 A 10001 2 23
J 4 4 A 10001 2 25
J 4 4 A 10001 2 26
J 4 4 A 10001 2 27
J 4 4 7 20002 1 21
J 4 4 A 10001 2 29
J 4 4 A 10001 2 2A
J 4 4 A 10001 2 2C
J 4 4 A 10001 3 4
J 4 4 A 10001 3 5
J 4 4 A 10001 3 6
J 4 4 A 10001 3 13
J 4 4 A 10001 3 15
J 4 4 A 10001 3 16
J 4 4 A 10001 3 17
J 4 4 7 20002 2 1
J 4 4 A 10001 3 1A
J 4 4 A 10001 3 1B
J 4 4 A 10001 3 1C
J 4 4 A 10001 3 1D
J 4 4 A 10001 3 1E
J 4 4 A 10001 3 20
J 4 4 A 10001 3 21
J 4 4 A 10001 3 22
J 4 4 A 10001 3 23
J 4 4 A 10001 3 25
J 4 4 7 20002 2 3
J 4 4 A 10001 3 26
J 4 4 A 10001 3 27
J 4 4 A 10001 3 29
J 4 4 A 10001 3 2A
J 4 4 A 10001 3 2C
J 4 4 A 10001 4 E
J 4 4 A 10001 4 F
J 4 4 A 10001 4 16
J 4 4 A 10001 4 1A
J 4 4 A 10001 4 1B
J 4 4 6 10001 3 B
J 4 4 7 20002 2 4
J 4 4 A 10001 4 1C
J 4 4 A 10001 4 1D
J 4 4 A 10001 4 1E
J 4 4 A 10001 4 20
J 4 4 A 10001 4 21
J 4 4 A 10001 4 22
J 4 4 A 10001 4 23
J 4 4 A 10001 4 25
J 4 4 A 10001 4 26
J 4 4 A 10001 4 27
J 4 4 7 20002 2 7
J 4 4 A 10001 4 29
J 4 4 A 10001 4 2A
J 4 4 A 10001 4 2C
J 4 4 A 10001 5 4
J 4 4 A 10001 5 B
J 4 4 A 10001 5 F
J 4 4 A 10001 5 14
J 4 4 A 10001 5 15
J 4 4 A 10001 5 1A
J 4 4 A 10001 5 1B
J 4 4 7 20002 2 8
J 4 4 A 10001 5 1C
J 4 4 A 10001 5 1D
J 4 4 A 10001 5 1E
J 4 4 A 10001 5 20
J 4 4 A 10001 5 21
J 4 4 A 10001 5 22
J 4 4 A 10001 5 23
J 4 4 A 10001 5 25
J 4 4 A 10001 5 26
J 4 4 A 10001 5 27
J 4 4 7 20002 2 9
J 4 4 A 10001 5 29
J 4 4 A 10001 5 2A
J 4 4 A 10001 5 2C
J 4 4 A 10001 6 4
J 4 4 A 10001 6 5
J 4 4 A 10001 6 C
J 4 4 A 10001 6 14
J 4 4 A 10001 6 16
J 4 4 A 10001 6 1A
J 4 4 A 10001 6 1B
J 4 4 7 20002 2 A
J 4 4 A 10001 6 1C
J 4 4 A 10001 6 1D
J 4 4 A 10001 6 1E
J 4 4 A 10001 6 20
J 4 4 A 10001 6 21
J 4 4 A 10001 6 22
J 4 4 A 10001 6 23
J 4 4 A 10001 6 25
J 4 4 A 10001 6 26
J 4 4 A 10001 6 27
J 4 4 7 20002 2 B
J 4 4 A 10001 6 29
J 4 4 A 10001 6 2A
J 4 4 A 10001 6 2C
J 4 4 A 10001 7 3
J 4 4 A 10001 7 4
J 4 4 A 10001 7 5
J 4 4 A 10001 7 6
J 4 4 A 10001 7 B
J 4 4 A 10001 7 C
J 4 4 A 10001 7 D
J 4 4 7 20002 2 D
J 4 4 A 10001 7 13
J 4 4 A 10001 7 14
J 4 4 A 10001 7 15
J 4 4 A 10001 7 16
J 4 4 A 10001 7 1A
J 4 4 A 10001 7 1B
J 4 4 A 10001 7 1C
J 4 4 A 10001 7 1D
J 4 4 A 10001 7 1E
J 4 4 A 10001 7 20
J 4 4 7 20002 3 1
J 4 4 A 10001 7 21
J 4 4 A 10001 7 22
J 4 4 A 10001 7 23
J 4 4 A 10001 7 25
J 4 4 A 10001 7 26
J 4 4 A 10001 7 27
J 4 4 A 10001 7 29
J 4 4 A 10001 7 2A
J 4 4 A 10001 7 2C
J 4 4 A 10001 A E
J 4 4 7 20002 3 4
J 4 4 A 10001 B F
J 4 4 A 10001 C B
J 4 4 A 10001 F 11
J 4 4 A 10001 F 1B
J 4 4 A 10001 F 1C
J 4 4 A 10001 F 1D
J 4 4 A 10001 F 25
J 4 4 A 10001 F 26
J 4 4 A 10001 F 27
J 4 4 A 10001 F 2A
J 4 4 7 20002 3 7
J 4 4 A 10001 F 2C
J 4 4 A 10001 10 B
J 4 4 A 10001 10 E
J 4 4 A 10001 10 10
J 4 4 A 10001 10 11
J 4 4 A 10001 10 1D
J 4 4 A 10001 10 20
J 4 4 A 10001 10 29
J 4 4 A 10001 10 2A
J 4 4 A 10001 11 B
J 4 4 6 10001 3 E
J 4 4 7 20002 3 B
J 4 4 A 10001 11 D
J 4 4 A 10001 11 F
J 4 4 A 10001 11 10
J 4 4 A 10001 11 11
J 4 4 A 10001 11 1B
J 4 4 A 10001 11 1D
J 4 4 A 10001 11 21
J 4 4 A 10001 11 25
J 4 4 A 10001 11 27
J 4 4 A 10001 12 10
J 4 4 7 20002 3 F
J 4 4 A 10001 12 22
J 4 4 A 10001 12 23
J 4 4 A 10001 12 26
J 4 4 A 10001 12 29
J 4 4 A 10001 13 A
J 4 4 A 10001 13 D
J 4 4 A 10001 13 F
J 4 4 A 10001 13 10
J 4 4 A 10001 13 11
J 4 4 A 10001 13 12
J 4 4 7 20002 3 11
J 4 4 A 10001 15 A
J 4 4 A 10001 15 C
J 4 4 A 10001 15 E
J 4 4 A 10001 15 11
J 4 4 A 10001 15 1A
J 4 4 A 10001 15 1C
J 4 4 A 10001 15 1D
J 4 4 A 10001 15 1E
J 4 4 A 10001 15 29
J 4 4 A 10001 15 2C
J 4 4 7 20002 3 14
J 4 4 A 10001 16 A
J 4 4 A 10001 16 C
J 4 4 A 10001 16 D
J 4 4 A 10001 16 F
J 4 4 A 10001 16 11
J 4 4 A 10001 16 1B
J 4 4 A 10001 16 1D
J 4 4 A 10001 16 1E
J 4 4 A 10001 16 20
J 4 4 A 10001 16 26
J 4 4 7 20002 3 16
J 4 4 A 10001 17 9
J 4 4 A 10001 17 B
J 4 4 A 10001 17 C
J 4 4 A 10001 17 D
J 4 4 A 10001 17 11
J 4 4 A 10001 17 13
J 4 4 A 10001 17 15
J 4 4 A 10001 17 16
J 4 4 A 10001 19 9
J 4 4 A 10001 19 A
J 4 4 7 20002 4 A
J 4 4 A 10001 19 C
J 4 4 A 10001 19 D
J 4 4 A 10001 19 10
J 4 4 A 10001 19 12
J 4 4 A 10001 19 13
J 4 4 A 10001 19 16
J 4 4 A 10001 19 17
J 4 4 A 10002 1 3
J 4 4 A 10002 1 4
J 4 4 A 10002 1 5
J 4 4 7 20002 4 B
J 4 4 A 10002 1 6
J 4 4 A 10002 1 7
J 4 4 A 10002 1 D
J 4 4 A 10002 1 E
J 4 4 A 10002 1 F
J 4 4 A 10002 1 10
J 4 4 A 10002 1 15
J 4 4 A 10002 1 16
J 4 4 A 10002 1 17
J 4 4 A 10002 1 18
J 4 4 7 20002 4 E
J 4 4 A 10002 1 1C
J 4 4 A 10002 1 1D
J 4 4 A 10002 1 1E
J 4 4 A 10002 1 1F
J 4 4 A 10002 1 20
J 4 4 A 10002 1 23
J 4 4 A 10002 1 24
J 4 4 A 10002 1 25
J 4 4 A 10002 1 26
J 4 4 A 10002 1 29
J 4 4 7 20002 4 11
J 4 4 A 10002 1 2A
J 4 4 A 10002 1 2B
J 4 4 A 10002 1 2C
J 4 4 A 10002 1 2E
J 4 4 A 10002 1 2F
J 4 4 A 10002 1 30
J 4 4 A 10002 1 32
J 4 4 A 10002 1 33
J 4 4 A 10002 1 35
J 4 4 A 10002 2 1
J 4 4 7 20002 4 13
J 4 4 A 10002 2 3
J 4 4 A 10002 2 4
J 4 4 A 10002 2 5
J 4 4 A 10002 2 6
J 4 4 A 10002 2 7
J 4 4 A 10002 2 B
J 4 4 A 10002 2 C
J 4 4 A 10002 2 D
J 4 4 A 10002 2 E
J 4 4 A 10002 2 F
J 4 4 6 10001 9 7
J 4 4 7 20002 4 16
J 4 4 A 10002 2 10
J 4 4 A 10002 2 11
J 4 4 A 10002 2 13
J 4 4 A 10002 2 14
J 4 4 A 10002 2 15
J 4 4 A 10002 2 16
J 4 4 A 10002 2 17
J 4 4 A 10002 2 19
J 4 4 A 10002 2 1A
J 4 4 A 10002 2 1B
J 4 4 7 20002 8 10
J 4 4 A 10002 2 1D
J 4 4 A 10002 3 4
J 4 4 A 10002 3 5
J 4 4 A 10002 3 6
J 4 4 A 10002 3 7
J 4 4 A 10002 3 16
J 4 4 A 10002 3 17
J 4 4 A 10002 3 18
J 4 4 A 10002 3 1D
J 4 4 A 10002 3 1E
J 4 4 7 20002 8 12
J 4 4 A 10002 3 1F
J 4 4 A 10002 3 20
J 4 4 A 10002 3 23
J 4 4 A 10002 3 24
J 4 4 A 10002 3 25
J 4 4 A 10002 3 26
J 4 4 A 10002 3 29
J 4 4 A 10002 3 2A
J 4 4 A 10002 3 2B
J 4 4 A 10002 3 2E
J 4 4 7 20002 8 1C
J 4 4 A 10002 3 2F
J 4 4 A 10002 3 30
J 4 4 A 10002 3 32
J 4 4 A 10002 3 33
J 4 4 A 10002 3 35
J 4 4 A 10002 4 D
J 4 4 A 10002 4 E
J 4 4 A 10002 4 F
J 4 4 A 10002 4 10
J 4 4 A 10002 4 11
J 4 4 7 20002 8 1D
J 4 4 A 10002 4 1F
J 4 4 A 10002 4 23
J 4 4 A 10002 4 24
J 4 4 A 10002 4 25
J 4 4 A 10002 4 26
J 4 4 A 10002 4 29
J 4 4 A 10002 4 2A
J 4 4 A 10002 4 2B
J 4 4 A 10002 4 2E
J 4 4 A 10002 4 2F
J 4 4 7 20002 A 11
J 4 4 A 10002 4 32
J 4 4 A 10002 4 33
J 4 4 A 10002 5 4
J 4 4 A 10002 5 6
J 4 4 A 10002 5 7
J 4 4 A 10002 5 D
J 4 4 A 10002 5 E
J 4 4 A 10002 5 F
J 4 4 A 10002 5 10
J 4 4 A 10002 5 11
J 4 4 7 20002 10001 1
J 4 4 A 10002 5 18
J 4 4 A 10002 5 1C
J 4 4 A 10002 5 1D
J 4 4 A 10002 5 1F
J 4 4 A 10002 5 23
J 4 4 A 10002 5 24
J 4 4 A 10002 5 25
J 4 4 A 10002 5 26
J 4 4 A 10002 5 29
J 4 4 A 10002 5 2A
J 4 4 7 20002 10001 2
J 4 4 A 10002 5 2B
J 4 4 A 10002 5 2E
J 4 4 A 10002 5 2F
J 4 4 A 10002 5 32
J 4 4 A 10002 5 35
J 4 4 A 10002 6 4
J 4 4 A 10002 6 7
J 4 4 A 10002 6 D
J 4 4 A 10002 6 E
J 4 4 A 10002 6 F
J 4 4 7 20002 10001 3
J 4 4 A 10002 6 10
J 4 4 A 10002 6 1C
J 4 4 A 10002 6 1D
J 4 4 A 10002 6 23
J 4 4 A 10002 6 24
J 4 4 A 10002 6 25
J 4 4 A 10002 6 26
J 4 4 A 10002 6 29
J 4 4 A 10002 6 2A
J 4 4 A 10002 6 2B
J 4 4 7 20002 10001 4
J 4 4 A 10002 6 2C
J 4 4 A 10002 6 2E
J 4 4 A 10002 6 2F
J 4 4 A 10002 6 32
J 4 4 A 10002 7 4
J 4 4 A 10002 7 D
J 4 4 A 10002 7 E
J 4 4 A 10002 7 F
J 4 4 A 10002 7 10
J 4 4 A 10002 7 1C
J 4 4 5 10001 2 6
J 4 4 6 10001 10001 1
J 4 4 7 20002 10001 7
J 4 4 A 10002 7 1F
J 4 4 A 10002 7 23
J 4 4 A 10002 7 24
J 4 4 A 10002 7 25
J 4 4 A 10002 7 26
J 4 4 A 10002 7 29
J 4 4 A 10002 7 2A
J 4 4 A 10002 7 2B
J 4 4 A 10002 7 2C
J 4 4 A 10002 7 2E
J 4 4 7 20002 10001 17
J 4 4 A 10002 7 2F
J 4 4 A 10002 7 30
J 4 4 A 10002 7 32
J 4 4 A 10002 C E
J 4 4 A 10002 C 10
J 4 4 A 10002 C 19
J 4 4 A 10002 C 1A
J 4 4 A 10002 D 10
J 4 4 A 10002 D 1A
J 4 4 A 10002 D 25
J 4 4 7 20002 10001 18
J 4 4 A 10002 D 27
J 4 4 A 10002 D 2C
J 4 4 A 10002 D 33
J 4 4 A 10002 E 1A
J 4 4 A 10002 E 23
J 4 4 A 10002 E 30
J 4 4 A 10002 13 12
J 4 4 A 10002 13 24
J 4 4 A 10002 13 25
J 4 4 A 10002 13 2E
J 4 4 7 20002 10001 19
J 4 4 A 10002 13 2F
J 4 4 A 10002 13 32
J 4 4 A 10002 13 33
J 4 4 A 10002 14 10
J 4 4 A 10002 14 18
J 4 4 A 10002 14 25
J 4 4 A 10002 14 29
J 4 4 A 10002 15 11
J 4 4 A 10002 15 19
J 4 4 A 10002 15 2A
J 4 4 7 20002 10001 1C
J 4 4 A 10002 15 2B
J 4 4 A 10002 15 2E
J 4 4 A 10002 15 36
J 4 4 A 10002 16 13
J 4 4 A 10002 16 14
J 4 4 A 10002 16 15
J 4 4 A 10002 16 1B
J 4 4 A 10002 19 C
J 4 4 A 10002 19 10
J 4 4 A 10002 19 12
J 4 4 7 20002 10001 20
J 4 4 A 10002 19 14
J 4 4 A 10002 19 16
J 4 4 A 10002 19 18
J 4 4 A 10002 19 19
J 4 4 A 10002 19 25
J 4 4 A 10002 19 26
J 4 4 A 10002 19 27
J 4 4 A 10002 19 30
J 4 4 A 10002 19 35
J 4 4 A 10002 19 36
J 4 4 7 20002 10001 21
J 4 4 A 10002 1A B
J 4 4 A 10002 1A E
J 4 4 A 10002 1A 10
J 4 4 A 10002 1A 11
J 4 4 A 10002 1A 14
J 4 4 A 10002 1A 16
J 4 4 A 10002 1A 17
J 4 4 A 10002 1A 19
J 4 4 A 10002 1A 1D
J 4 4 A 10003 1 B
J 4 4 7 20002 10001 22
J 4 4 A 10003 1 E
J 4 4 A 10003 1 F
J 4 4 A 10003 1 10
J 4 4 A 10003 1 11
J 4 4 A 10003 1 14
J 4 4 A 10003 1 16
J 4 4 A 10003 1 17
J 4 4 A 10003 1 18
J 4 4 A 10003 1 19
J 4 4 A 10003 1 1F
J 4 4 7 20002 10001 10001
J 4 4 A 10003 1 29
J 4 4 A 10003 1 2A
J 4 4 A 10003 1 2B
J 4 4 A 10003 1 2E
J 4 4 A 10003 1 2F
J 4 4 A 10003 1 30
J 4 4 A 10003 1 32
J 4 4 A 10003 2 1
J 4 4 A 10003 2 5
J 4 4 A 10003 2 6
J 4 4 7 20002 10001 10007
J 4 4 A 10003 2 7
J 4 4 A 10003 2 B
J 4 4 A 10003 2 C
J 4 4 A 10003 2 E
J 4 4 A 10003 2 F
J 4 4 A 10003 2 10
J 4 4 A 10003 2 15
J 4 4 A 10003 2 16
J 4 4 A 10003 2 17
J 4 4 A 10003 2 18
J 4 4 6 10001 10001 2
J 4 4 7 20002 10001 10017
J 4 4 A 10003 2 1F
J 4 4 A 10003 2 23
J 4 4 A 10003 2 24
J 4 4 A 10003 2 25
J 4 4 A 10003 2 29
J 4 4 A 10003 2 2A
J 4 4 A 10003 2 2B
J 4 4 A 10003 2 2E
J 4 4 A 10003 2 2F
J 4 4 A 10003 2 30
J 4 4 7 20002 10001 10019
J 4 4 A 10003 2 32
J 4 4 A 10003 2 33
J 4 4 A 10003 2 35
J 4 4 A 10003 3 1
J 4 4 A 10003 3 2
J 4 4 A 10003 3 4
J 4 4 A 10003 3 5
J 4 4 A 10003 3 6
J 4 4 A 10003 3 7
J 4 4 A 10003 3 B
J 4 4 7 20002 10002 1
J 4 4 A 10003 3 C
J 4 4 A 10003 3 D
J 4 4 A 10003 3 E
J 4 4 A 10003 3 F
J 4 4 A 10003 3 10
J 4 4 A 10003 3 11
J 4 4 A 10003 3 12
J 4 4 A 10003 3 13
J 4 4 A 10003 3 14
J 4 4 A 10003 3 15
J 4 4 7 20002 10002 2
J 4 4 A 10003 3 17
J 4 4 A 10003 3 18
J 4 4 A 10003 3 19
J 4 4 A 10003 3 1A
J 4 4 A 10003 3 1C
J 4 4 A 10003 3 1D
J 4 4 A 10003 3 1E
J 4 4 A 10003 4 1
J 4 4 A 10003 4 2
J 4 4 A 10003 4 5
J 4 4 7 20002 10002 3
J 4 4 A 10003 4 6
J 4 4 A 10003 4 7
J 4 4 A 10003 4 B
J 4 4 A 10003 4 C
J 4 4 A 10003 4 F
J 4 4 A 10003 4 10
J 4 4 A 10003 4 14
J 4 4 A 10003 4 15
J 4 4 A 10003 4 16
J 4 4 A 10003 4 17
J 4 4 7 20002 10002 4
J 4 4 A 10003 4 18
J 4 4 A 10003 4 19
J 4 4 A 10003 4 1A
J 4 4 A 10003 4 1E
J 4 4 A 10003 4 1F
J 4 4 A 10003 4 24
J 4 4 A 10003 4 25
J 4 4 A 10003 4 26
J 4 4 A 10003 4 29
J 4 4 A 10003 4 2A
J 4 4 7 20002 10002 8
J 4 4 A 10003 4 2B
J 4 4 A 10003 4 2E
J 4 4 A 10003 4 2F
J 4 4 A 10003 4 30
J 4 4 A 10003 4 32
J 4 4 A 10003 4 33
J 4 4 A 10003 4 35
J 4 4 A 10003 5 1
J 4 4 A 10003 5 B
J 4 4 A 10003 5 E
J 4 4 7 20002 10002 9
J 4 4 A 10003 5 10
J 4 4 A 10003 5 11
J 4 4 A 10003 5 14
J 4 4 A 10003 5 15
J 4 4 A 10003 5 16
J 4 4 A 10003 5 17
J 4 4 A 10003 5 18
J 4 4 A 10003 5 19
J 4 4 A 10003 5 1F
J 4 4 A 10003 5 25
J 4 4 7 20002 10002 A
J 4 4 A 10003 5 29
J 4 4 A 10003 5 2A
J 4 4 A 10003 5 2B
J 4 4 A 10003 5 2E
J 4 4 A 10003 5 2F
J 4 4 A 10003 5 32
J 4 4 A 10003 5 35
J 4 4 A 10003 6 1
J 4 4 A 10003 6 5
J 4 4 A 10003 6 7
J 4 4 7 20002 10002 B
J 4 4 A 10003 6 B
J 4 4 A 10003 6 E
J 4 4 A 10003 6 F
J 4 4 A 10003 6 10
J 4 4 A 10003 6 11
J 4 4 A 10003 6 14
J 4 4 A 10003 6 15
J 4 4 A 10003 6 16
J 4 4 A 10003 6 17
J 4 4 A 10003 6 18
J 4 4 6 10001 10001 3
J 4 4 7 20002 10002 C
J 4 4 A 10003 6 19
J 4 4 A 10003 6 1A
J 4 4 A 10003 6 23
J 4 4 A 10003 6 24
J 4 4 A 10003 6 29
J 4 4 A 10003 6 2A
J 4 4 A 10003 6 2B
J 4 4 A 10003 6 2E
J 4 4 A 10003 6 2F
J 4 4 A 10003 6 32
J 4 4 7 20002 10002 D
J 4 4 A 10003 7 1
J 4 4 A 10003 7 5
J 4 4 A 10003 7 B
J 4 4 A 10003 7 E
J 4 4 A 10003 7 F
J 4 4 A 10003 7 10
J 4 4 A 10003 7 11
J 4 4 A 10003 7 14
J 4 4 A 10003 7 15
J 4 4 A 10003 7 16
J 4 4 7 20002 10002 F
J 4 4 A 10003 7 17
J 4 4 A 10003 7 18
J 4 4 A 10003 7 19
J 4 4 A 10003 7 23
J 4 4 A 10003 7 25
J 4 4 A 10003 7 29
J 4 4 A 10003 7 2A
J 4 4 A 10003 7 2B
J 4 4 A 10003 7 2E
J 4 4 A 10003 7 2F
J 4 4 7 20002 10002 10
J 4 4 A 10003 7 32
J 4 4 A 10003 B D
J 4 4 A 10003 B E
J 4 4 A 10003 B F
J 4 4 A 10003 D 12
J 4 4 A 10003 D 18
J 4 4 A 10003 D 1F
J 4 4 A 10003 D 21
J 4 4 A 10003 E 2F
J 4 4 A 10003 E 35
J 4 4 7 20002 10002 11
J 4 4 A 10003 F E
J 4 4 A 10003 F 19
J 4 4 A 10003 F 1D
J 4 4 A 10003 F 21
J 4 4 A 10003 F 29
J 4 4 A 10003 F 2C
J 4 4 A 10003 F 33
J 4 4 A 10003 12 10
J 4 4 A 10003 12 1F
J 4 4 A 10003 13 D
J 4 4 7 20002 10002 10001
J 4 4 A 10003 13 12
J 4 4 A 10003 13 18
J 4 4 A 10003 13 1C
J 4 4 A 10003 13 20
J 4 4 A 10003 13 21
J 4 4 A 10003 13 2B
J 4 4 A 10003 13 2C
J 4 4 A 10003 13 2E
J 4 4 A 10003 13 33
J 4 4 A 10003 13 36
J 4 4 7 20002 10002 10002
J 4 4 A 10003 14 B
J 4 4 A 10003 14 D
J 4 4 A 10003 14 11
J 4 4 A 10003 14 18
J 4 4 A 10003 14 19
J 4 4 A 10003 14 1D
J 4 4 A 10003 17 B
J 4 4 A 10003 17 12
J 4 4 A 10003 17 15
J 4 4 A 10003 17 17
J 4 4 7 20002 10002 10003
J 4 4 A 10003 17 18
J 4 4 A 10003 17 19
J 4 4 A 10003 17 2A
J 4 4 A 10003 17 32
J 4 4 A 10003 17 35
J 4 4 A 10003 18 B
J 4 4 A 10003 18 11
J 4 4 A 10003 18 18
J 4 4 A 10003 18 19
J 4 4 A 10003 18 20
J 4 4 7 20002 10002 10004
J 4 4 A 10003 18 2E
J 4 4 A 10003 18 2F
J 4 4 A 10003 18 33
J 4 4 A 10003 18 36
J 4 4 A 10003 19 B
J 4 4 A 10003 19 12
J 4 4 A 10003 19 17
J 4 4 A 10003 19 18
J 4 4 A 10003 1C B
J 4 4 A 10003 1C C
J 4 4 7 20002 10002 1000F
J 4 4 A 10003 1C 12
J 4 4 A 10003 1C 15
J 4 4 A 10003 1C 17
J 4 4 A 10003 1C 19
J 4 4 A 10003 1C 1A
J 4 4 A 10003 1C 1E
J 4 4 A 10004 1 2
J 4 4 A 10004 1 6
J 4 4 A 10004 1 7
J 4 4 A 10004 1 B
J 4 4 6 10001 10001 5
J 4 4 7 20002 10003 1
J 4 4 A 10004 1 C
J 4 4 A 10004 1 F
J 4 4 A 10004 1 10
J 4 4 A 10004 1 14
J 4 4 A 10004 1 15
J 4 4 A 10004 1 17
J 4 4 A 10004 1 18
J 4 4 A 10004 1 19
J 4 4 A 10004 1 1C
J 4 4 A 10004 1 1E
J 4 4 7 20002 10003 2
J 4 4 A 10004 1 1F
J 4 4 A 10004 1 20
J 4 4 A 10004 1 25
J 4 4 A 10004 1 29
J 4 4 A 10004 1 2E
J 4 4 A 10004 1 2F
J 4 4 A 10004 1 32
J 4 4 A 10004 2 6
J 4 4 A 10004 2 B
J 4 4 A 10004 2 C
J 4 4 7 20002 10003 3
J 4 4 A 10004 2 F
J 4 4 A 10004 2 10
J 4 4 A 10004 2 11
J 4 4 A 10004 2 14
J 4 4 A 10004 2 17
J 4 4 A 10004 2 18
J 4 4 A 10004 2 1E
J 4 4 A 10004 2 1F
J 4 4 A 10004 2 20
J 4 4 A 10004 2 25
J 4 4 7 20002 10003 4
J 4 4 A 10004 2 29
J 4 4 A 10004 2 2A
J 4 4 A 10004 2 2E
J 4 4 A 10004 2 2F
J 4 4 A 10004 2 32
J 4 4 A 10004 3 1
J 4 4 A 10004 3 2
J 4 4 A 10004 3 5
J 4 4 A 10004 3 6
J 4 4 A 10004 3 7
J 4 4 7 20002 10003 8
J 4 4 A 10004 3 B
J 4 4 A 10004 3 C
J 4 4 A 10004 3 D
J 4 4 A 10004 3 10
J 4 4 A 10004 3 14
J 4 4 A 10004 3 15
J 4 4 A 10004 3 16
J 4 4 A 10004 3 17
J 4 4 A 10004 3 18
J 4 4 A 10004 3 19
J 4 4 7 20002 10003 C
J 4 4 A 10004 3 1A
J 4 4 A 10004 3 1E
J 4 4 A 10004 3 1F
J 4 4 A 10004 3 21
J 4 4 A 10004 3 25
J 4 4 A 10004 3 29
J 4 4 A 10004 3 2A
J 4 4 A 10004 3 2B
J 4 4 A 10004 3 2E
J 4 4 A 10004 3 2F
J 4 4 7 20002 10003 11
J 4 4 A 10004 3 32
J 4 4 A 10004 3 33
J 4 4 A 10004 3 35
J 4 4 A 10004 4 1
J 4 4 A 10004 4 2
J 4 4 A 10004 4 3
J 4 4 A 10004 4 7
J 4 4 A 10004 4 8
J 4 4 A 10004 4 9
J 4 4 A 10004 4 A
J 4 4 7 20002 10003 13
J 4 4 A 10004 4 B
J 4 4 A 10004 4 C
J 4 4 A 10004 4 D
J 4 4 A 10004 4 F
J 4 4 A 10004 4 10
J 4 4 A 10004 4 11
J 4 4 A 10004 7 F
J 4 4 A 10004 7 1E
J 4 4 A 10004 7 1F
J 4 4 A 10004 7 25
J 4 4 7 20002 10003 1A
J 4 4 A 10004 7 26
J 4 4 A 10004 7 27
J 4 4 A 10004 7 2E
J 4 4 A 10004 7 2F
J 4 4 A 10004 7 30
J 4 4 A 10004 7 32
J 4 4 A 10004 8 B
J 4 4 A 10004 8 E
J 4 4 A 10004 8 F
J 4 4 A 10004 8 1A
J 4 4 7 20002 10003 10001
J 4 4 A 10004 A 13
J 4 4 A 10004 A 1F
J 4 4 A 10004 A 20
J 4 4 A 10004 C 1C
J 4 4 A 10004 F D
J 4 4 A 10004 F F
J 4 4 A 10004 F 11
J 4 4 A 10004 F 19
J 4 4 A 10004 F 1A
J 4 4 A 10004 F 1B
J 4 4 6 10001 10001 6
J 4 4 7 20002 10003 10003
J 4 4 A 10004 F 1C
J 4 4 A 10004 F 1D
J 4 4 A 10004 10 8
J 4 4 A 10004 10 B
J 4 4 A 10004 10 D
J 4 4 A 10004 10 E
J 4 4 A 10004 10 19
J 4 4 A 10004 10 1A
J 4 4 B 1 2 3
J 4 4 B 1 2 4
J 4 4 7 20002 10003 10004
J 4 4 B 1 2 5
J 4 4 B 1 2 6
J 4 4 B 1 2 C
J 4 4 B 1 2 D
J 4 4 B 1 2 E
J 4 4 B 1 2 F
J 4 4 B 1 2 10
J 4 4 B 1 2 11
J 4 4 B 1 2 12
J 4 4 B 1 2 15
J 4 4 7 20002 10003 10008
J 4 4 B 1 2 16
J 4 4 B 1 2 17
J 4 4 B 1 2 18
J 4 4 B 1 2 19
J 4 4 B 1 2 1A
J 4 4 B 1 2 1C
J 4 4 B 1 2 1D
J 4 4 B 1 2 1E
J 4 4 B 1 2 1F
J 4 4 B 1 2 20
J 4 4 7 20002 10003 1001A
J 4 4 B 1 2 21
J 4 4 B 1 2 23
J 4 4 B 1 2 24
J 4 4 B 1 2 25
J 4 4 B 1 2 26
J 4 4 B 1 2 27
J 4 4 B 1 2 29
J 4 4 B 1 2 2A
J 4 4 B 1 2 2B
J 4 4 B 1 2 2C
J 4 4 7 20002 10004 1
J 4 4 B 1 2 2E
J 4 4 B 1 2 2F
J 4 4 B 1 2 30
J 4 4 B 1 2 32
J 4 4 B 1 2 33
J 4 4 B 1 2 35
J 4 4 B 1 3 4
J 4 4 B 1 3 5
J 4 4 B 1 3 6
J 4 4 B 1 3 B
J 4 4 7 20002 10004 2
J 4 4 B 1 3 E
J 4 4 B 1 3 F
J 4 4 B 1 3 10
J 4 4 B 1 3 11
J 4 4 B 1 3 16
J 4 4 B 1 3 17
J 4 4 B 1 3 18
J 4 4 B 1 3 19
J 4 4 B 1 3 1C
J 4 4 B 1 3 1D
J 4 4 7 20002 10004 3
J 4 4 B 1 3 1E
J 4 4 B 1 3 1F
J 4 4 B 1 3 20
J 4 4 B 1 3 21
J 4 4 B 1 3 29
J 4 4 B 1 3 2A
J 4 4 B 1 3 2B
J 4 4 B 1 3 2C
J 4 4 B 1 3 2E
J 4 4 B 1 3 2F
J 4 4 7 20002 10004 4
J 4 4 B 1 3 30
J 4 4 B 1 3 32
J 4 4 B 1 3 33
J 4 4 B 1 3 35
J 4 4 B 1 4 B
J 4 4 B 1 4 C
J 4 4 B 1 4 F
J 4 4 B 1 4 10
J 4 4 B 1 4 11
J 4 4 B 1 4 18
J 4 4 7 20002 10004 7
J 4 4 B 1 4 1C
J 4 4 B 1 4 1D
J 4 4 B 1 4 1E
J 4 4 B 1 4 1F
J 4 4 B 1 4 20
J 4 4 B 1 4 21
J 4 4 B 1 4 23
J 4 4 B 1 4 24
J 4 4 B 1 4 25
J 4 4 B 1 4 26
J 4 4 7 20002 10004 B
J 4 4 B 1 4 27
J 4 4 B 1 4 29
J 4 4 B 1 4 2B
J 4 4 B 1 4 2E
J 4 4 B 1 4 2F
J 4 4 B 1 4 30
J 4 4 B 1 4 32
J 4 4 B 1 4 33
J 4 4 B 1 4 35
J 4 4 B 1 5 4
J 4 4 6 10001 10001 7
J 4 4 7 20002 10004 E
J 4 4 B 1 5 B
J 4 4 B 1 5 C
J 4 4 B 1 5 D
J 4 4 B 1 5 10
J 4 4 B 1 5 11
J 4 4 B 1 5 15
J 4 4 B 1 5 16
J 4 4 B 1 5 18
J 4 4 B 1 5 1C
J 4 4 B 1 5 1E
J 4 4 7 20002 10004 11
J 4 4 B 1 5 1F
J 4 4 B 1 5 20
J 4 4 B 1 5 21
J 4 4 B 1 5 23
J 4 4 B 1 5 24
J 4 4 B 1 5 25
J 4 4 B 1 5 26
J 4 4 B 1 5 27
J 4 4 B 1 5 29
J 4 4 B 1 5 2A
J 4 4 7 20002 10004 13
J 4 4 B 1 5 2B
J 4 4 B 1 5 2C
J 4 4 B 1 5 32
J 4 4 B 1 5 33
J 4 4 B 1 5 35
J 4 4 B 1 6 4
J 4 4 B 1 6 5
J 4 4 B 1 6 B
J 4 4 B 1 6 C
J 4 4 B 1 6 D
J 4 4 7 20002 10004 10001
J 4 4 B 1 6 E
J 4 4 B 1 6 11
J 4 4 B 1 6 15
J 4 4 B 1 6 16
J 4 4 B 1 6 1C
J 4 4 B 1 6 1D
J 4 4 B 1 6 1F
J 4 4 B 1 6 20
J 4 4 B 1 6 21
J 4 4 B 1 6 23
J 4 4 7 20002 10004 10004
J 4 4 B 1 6 25
J 4 4 B 1 6 26
J 4 4 B 1 6 27
J 4 4 B 1 6 29
J 4 4 B 1 6 2A
J 4 4 B 1 6 2B
J 4 4 B 1 6 2C
J 4 4 B 1 6 2E
J 4 4 B 1 6 2F
J 4 4 B 1 6 30
J 4 4 7 20002 10004 10013
J 4 4 B 1 6 32
J 4 4 B 1 6 35
J 4 4 B 1 7 2
J 4 4 B 1 7 3
J 4 4 B 1 7 4
J 4 4 B 1 7 5
J 4 4 B 1 7 6
J 4 4 B 1 7 B
J 4 4 B 1 7 C
J 4 4 B 1 7 D
J 4 4 7 20002 1000D 1
J 4 4 B 1 7 E
J 4 4 B 1 7 F
J 4 4 B 1 7 15
J 4 4 B 1 7 18
J 4 4 B 1 7 1C
J 4 4 B 1 7 1D
J 4 4 B 1 7 1E
J 4 4 B 1 7 20
J 4 4 B 1 7 21
J 4 4 B 1 7 23
J 4 4 7 20002 1000D 2
J 4 4 B 1 7 24
J 4 4 B 1 7 26
J 4 4 B 1 7 27
J 4 4 B 1 7 29
J 4 4 B 1 7 2B
J 4 4 B 1 7 2C
J 4 4 B 1 7 2E
J 4 4 B 1 7 2F
J 4 4 B 1 7 30
J 4 4 B 1 7 32
J 4 4 7 20002 1000D 3
J 4 4 B 1 7 33
J 4 4 B 1 8 2
J 4 4 B 1 8 3
J 4 4 B 1 8 4
J 4 4 B 1 8 6
J 4 4 B 1 8 7
J 4 4 B 1 8 8
J 4 4 B 1 8 9
J 4 4 B 1 8 A
J 4 4 B 1 8 B
J 4 4 7 20002 1000D 8
J 4 4 B 1 8 F
J 4 4 B 1 8 10
J 4 4 B 1 8 11
J 4 4 B 1 8 12
J 4 4 B 1 8 13
J 4 4 B 1 8 14
J 4 4 B 1 8 16
J 4 4 B 1 8 17
J 4 4 B 1 8 18
J 4 4 B 1 8 19
J 4 4 6 10001 10001 9
J 4 4 7 20002 1000D B
J 4 4 B 1 8 1B
J 4 4 B 1 8 1C
J 4 4 B 1 A B
J 4 4 B 1 A C
J 4 4 B 1 A D
J 4 4 B 1 B F
J 4 4 B 1 B 10
J 4 4 B 1 B 11
J 4 4 B 1 C F
J 4 4 B 1 C 10
J 4 4 7 20002 1000D D
J 4 4 B 1 D C
J 4 4 B 1 10 33
J 4 4 B 1 11 35
J 4 4 B 1 13 27
J 4 4 B 1 16 D
J 4 4 B 1 16 18
J 4 4 B 1 16 19
J 4 4 B 1 16 1B
J 4 4 B 1 16 1C
J 4 4 B 1 18 D
J 4 4 7 20002 1000D E
J 4 4 B 1 18 F
J 4 4 B 1 18 1E
J 4 4 B 1 18 20
J 4 4 B 1 18 21
J 4 4 B 1 18 29
J 4 4 B 1 18 2B
J 4 4 B 1 18 2C
J 4 4 B 1 18 30
J 4 4 B 1 18 33
J 4 4 B 1 1B E
J 4 4 7 20002 1000D 10001
J 4 4 B 1 1B 19
J 4 4 B 1 1B 1A
J 4 4 B 1 1B 1D
J 4 4 B 1 1C 10
J 4 4 B 1 1C 11
J 4 4 B 1 1C 13
J 4 4 B 1 1C 14
J 4 4 B 1 1C 17
J 4 4 B 1 1C 19
J 4 4 B 2 3 4
J 4 4 7 20002 1000D 1000D
J 4 4 B 2 3 5
J 4 4 B 2 3 C
J 4 4 B 2 3 D
J 4 4 B 2 3 E
J 4 4 B 2 3 F
J 4 4 B 2 3 10
J 4 4 B 2 3 11
J 4 4 B 2 3 12
J 4 4 B 2 3 15
J 4 4 B 2 3 16
J 4 4 7 20002 20002 1
J 4 4 B 2 3 17
J 4 4 B 2 3 18
J 4 4 B 2 3 19
J 4 4 B 2 3 1A
J 4 4 B 2 3 1D
J 4 4 B 2 3 1E
J 4 4 B 2 3 1F
J 4 4 B 2 3 20
J 4 4 B 2 3 21
J 4 4 B 2 3 23
J 4 4 7 20002 20002 2
J 4 4 B 2 3 24
J 4 4 B 2 3 25
J 4 4 B 2 3 26
J 4 4 B 2 3 27
J 4 4 B 2 3 29
J 4 4 B 2 3 2A
J 4 4 B 2 3 2B
J 4 4 B 2 3 2C
J 4 4 B 2 3 2E
J 4 4 B 2 3 2F
J 4 4 7 20002 20002 3
J 4 4 B 2 3 30
J 4 4 B 2 3 32
J 4 4 B 2 3 33
J 4 4 B 2 3 35
J 4 4 B 2 4 5
J 4 4 B 2 4 C
J 4 4 B 2 4 E
J 4 4 B 2 4 F
J 4 4 B 2 4 10
J 4 4 B 2 4 11
J 4 4 7 20002 20002 4
J 4 4 B 2 4 14
J 4 4 B 2 4 16
J 4 4 B 2 4 17
J 4 4 B 2 4 18
J 4 4 B 2 4 19
J 4 4 B 2 4 1A
J 4 4 B 2 4 20
J 4 4 B 2 4 23
J 4 4 B 2 4 24
J 4 4 B 2 4 25
J 4 4 7 20002 20002 7
J 4 4 B 2 4 26
J 4 4 B 2 4 27
J 4 4 B 2 4 29
J 4 4 B 2 4 2B
J 4 4 B 2 4 2E
J 4 4 B 2 4 2F
J 4 4 B 2 4 30
J 4 4 B 2 4 32
J 4 4 B 2 4 33
J 4 4 B 2 4 35
J 4 4 6 10001 10001 10001
J 4 4 7 20002 20002 8
J 4 4 B 2 5 C
J 4 4 B 2 5 D
J 4 4 B 2 5 F
J 4 4 B 2 5 10
J 4 4 B 2 5 11
J 4 4 B 2 5 14
J 4 4 B 2 5 15
J 4 4 B 2 5 17
J 4 4 B 2 5 18
J 4 4 B 2 5 19
J 4 4 7 20002 20002 9
J 4 4 B 2 5 1C
J 4 4 B 2 5 1D
J 4 4 B 2 5 1F
J 4 4 B 2 5 20
J 4 4 B 2 5 23
J 4 4 B 2 5 24
J 4 4 B 2 5 25
J 4 4 B 2 5 26
J 4 4 B 2 5 27
J 4 4 B 2 5 29
J 4 4 7 20002 20002 A
J 4 4 B 2 5 2A
J 4 4 B 2 5 2B
J 4 4 B 2 5 2C
J 4 4 B 2 5 2E
J 4 4 B 2 5 2F
J 4 4 B 2 5 32
J 4 4 B 2 5 33
J 4 4 B 2 5 35
J 4 4 B 2 6 3
J 4 4 B 2 6 4
J 4 4 7 20002 20002 B
J 4 4 B 2 6 5
J 4 4 B 2 6 C
J 4 4 B 2 6 D
J 4 4 B 2 6 E
J 4 4 B 2 6 10
J 4 4 B 2 6 11
J 4 4 B 2 6 14
J 4 4 B 2 6 15
J 4 4 B 2 6 16
J 4 4 B 2 6 18
J 4 4 7 20002 20002 D
J 4 4 B 2 6 19
J 4 4 B 2 6 1A
J 4 4 B 2 6 1C
J 4 4 B 2 6 1E
J 4 4 B 2 6 20
J 4 4 B 2 6 23
J 4 4 B 2 6 24
J 4 4 B 2 6 25
J 4 4 B 2 6 26
J 4 4 B 2 6 27
J 4 4 7 20002 20003 1
J 4 4 B 2 6 29
J 4 4 B 2 6 2A
J 4 4 B 2 6 2B
J 4 4 B 2 6 2C
J 4 4 B 2 6 2E
J 4 4 B 2 6 2F
J 4 4 B 2 6 30
J 4 4 B 2 6 32
J 4 4 B 2 6 35
J 4 4 B 2 7 3
J 4 4 7 20002 20003 2
J 4 4 B 2 7 4
J 4 4 B 2 7 7
J 4 4 B 2 7 8
J 4 4 B 2 7 9
J 4 4 B 2 7 A
J 4 4 B 2 7 F
J 4 4 B 2 7 10
J 4 4 B 2 7 11
J 4 4 B 2 7 12
J 4 4 B 2 7 14
J 4 4 7 20002 20003 4
J 4 4 B 2 7 16
J 4 4 B 2 7 17
J 4 4 B 2 7 18
J 4 4 B 2 7 1B
J 4 4 B 2 7 1C
J 4 4 B 2 E 23
J 4 4 B 2 E 25
J 4 4 B 2 F 24
J 4 4 B 2 10 11
J 4 4 B 2 14 E
J 4 4 7 20002 20003 8
J 4 4 B 2 19 C
J 4 4 B 2 19 10
J 4 4 B 2 19 18
J 4 4 B 2 19 25
J 4 4 B 2 19 26
J 4 4 B 2 19 27
J 4 4 B 2 19 30
J 4 4 B 2 19 35
J 4 4 B 2 1A C
J 4 4 B 2 1A E
J 4 4 7 20002 20003 C
J 4 4 B 2 1A F
J 4 4 B 2 1A 10
J 4 4 B 2 1A 15
J 4 4 B 2 1A 16
J 4 4 B 2 1A 17
J 4 4 B 2 1A 1C
J 4 4 B 2 1B B
J 4 4 B 2 1B D
J 4 4 B 2 1B F
J 4 4 B 2 1B 15
J 4 4 6 10001 10001 10002
J 4 4 7 20002 20003 D
J 4 4 B 2 1B 17
J 4 4 B 3 6 6
J 4 4 B 3 6 8
J 4 4 B 3 6 9
J 4 4 B 3 6 B
J 4 4 B 3 6 C
J 4 4 B 3 6 F
J 4 4 B 3 6 10
J 4 4 B 3 6 11
J 4 4 B 3 6 12
J 4 4 8 1 2 9
J 4 4 B 3 6 13
J 4 4 B 3 6 14
J 4 4 B 3 6 16
J 4 4 B 3 6 17
J 4 4 B 3 6 19
J 4 4 B 3 6 1B
J 4 4 B 3 F 17
J 4 4 B 3 12 B
J 4 4 B 3 13 B
J 4 4 B 3 13 D
J 4 4 8 1 2 A
J 4 4 B 3 13 1C
J 4 4 B 3 18 10
J 4 4 B 3 18 1B
J 4 4 B 4 3 B
J 4 4 B 4 3 D
J 4 4 B 4 3 E
J 4 4 B 4 3 F
J 4 4 B 4 3 10
J 4 4 B 4 3 11
J 4 4 B 4 3 12
J 4 4 8 1 2 B
J 4 4 B 4 3 14
J 4 4 B 4 3 15
J 4 4 B 4 3 16
J 4 4 B 4 3 17
J 4 4 B 4 3 18
J 4 4 B 4 3 19
J 4 4 B 4 3 1A
J 4 4 B 4 3 1D
J 4 4 B 4 3 1E
J 4 4 B 4 3 1F
J 4 4 8 1 2 F
J 4 4 B 4 3 20
J 4 4 B 4 3 21
J 4 4 B 4 3 24
J 4 4 B 4 3 25
J 4 4 B 4 3 26
J 4 4 B 4 3 27
J 4 4 B 4 3 29
J 4 4 B 4 3 2A
J 4 4 B 4 3 2B
J 4 4 B 4 3 2E
J 4 4 8 1 2 10
J 4 4 B 4 3 2F
J 4 4 B 4 3 30
J 4 4 B 4 3 32
J 4 4 B 4 3 33
J 4 4 B 4 3 35
J 4 4 B 4 5 6
J 4 4 B 4 5 7
J 4 4 B 4 5 8
J 4 4 B 4 5 9
J 4 4 B 4 5 A
J 4 4 8 1 2 11
J 4 4 B 4 5 B
J 4 4 B 4 5 C
J 4 4 B 4 5 D
J 4 4 B 4 5 F
J 4 4 B 4 5 10
J 4 4 B 4 5 11
J 4 4 B 4 5 12
J 4 4 B 4 5 13
J 4 4 B 4 5 14
J 4 4 B 4 5 16
J 4 4 8 1 2 13
J 4 4 B 4 5 17
J 4 4 B 4 5 18
J 4 4 B 4 5 19
J 4 4 B 4 5 1C
J 4 4 B 4 6 3
J 4 4 B 4 6 5
J 4 4 B 4 6 B
J 4 4 B 4 6 C
J 4 4 B 4 6 E
J 4 4 B 4 6 11
J 4 4 8 1 2 14
J 4 4 B 4 6 14
J 4 4 B 4 6 16
J 4 4 B 4 6 17
J 4 4 B 4 6 18
J 4 4 B 4 6 19
J 4 4 B 4 6 1A
J 4 4 B 4 6 1D
J 4 4 B 4 6 1F
J 4 4 B 4 6 20
J 4 4 B 4 6 21
J 4 4 8 1 2 17
J 4 4 B 4 6 23
J 4 4 B 4 6 25
J 4 4 B 4 6 26
J 4 4 B 4 6 2B
J 4 4 B 4 6 2E
J 4 4 B 4 6 2F
J 4 4 B 4 6 30
J 4 4 B 4 6 32
J 4 4 B 4 6 35
J 4 4 B 4 E 1B
J 4 4 6 10001 10001 10003
J 4 4 8 1 2 18
J 4 4 B 4 F 2F
J 4 4 B 4 14 C
J 4 4 B 4 14 E
J 4 4 B 4 14 1B
J 4 4 B 4 14 1D
J 4 4 B 4 15 10
J 4 4 B 4 15 11
J 4 4 B 4 15 13
J 4 4 B 4 15 14
J 4 4 B 4 15 17
J 4 4 8 1 2 1A
J 4 4 B 4 15 19
J 4 4 B 4 16 E
J 4 4 B 4 16 10
J 4 4 B 4 16 12
J 4 4 B 4 16 1D
J 4 4 B 4 16 21
J 4 4 B 4 16 25
J 4 4 B 4 16 27
J 4 4 B 4 16 2E
J 4 4 B 4 16 30
J 4 4 8 1 3 2
J 4 4 B 4 1A 27
J 4 4 B 4 1A 33
J 4 4 B 4 1D D
J 4 4 B 4 1D 19
J 4 4 B 4 1D 1B
J 4 4 8 1 3 5
J 4 4 8 1 3 8
J 4 4 8 1 3 A
J 4 4 8 1 3 B
J 4 4 8 1 3 C
J 4 4 8 1 3 10
J 4 4 8 1 3 13
J 4 4 5 10001 4 8
J 4 4 6 10001 10001 10009
J 4 4 8 1 3 14
J 4 4 8 1 3 15
J 4 4 8 1 3 17
J 4 4 8 1 3 1A
J 4 4 8 1 4 3
J 4 4 8 1 4 5
J 4 4 8 1 4 8
J 4 4 8 1 4 9
J 4 4 8 1 4 E
J 4 4 8 1 4 F
J 4 4 6 10001 10003 1
J 4 4 8 1 4 13
J 4 4 8 1 4 14
J 4 4 8 1 4 15
J 4 4 8 1 4 17
J 4 4 8 1 4 18
J 4 4 8 1 5 5
J 4 4 8 1 5 6
J 4 4 8 1 5 7
J 4 4 8 1 5 9
J 4 4 8 1 5 B
J 4 4 6 10001 10003 2
J 4 4 8 1 5 D
J 4 4 8 1 5 F
J 4 4 8 1 C 18
J 4 4 8 1 F 7
J 4 4 8 1 F 8
J 4 4 8 1 F 9
J 4 4 8 2 4 1
J 4 4 8 2 4 3
J 4 4 8 2 4 6
J 4 4 8 2 4 8
J 4 4 6 10001 10003 9
J 4 4 8 2 4 9
J 4 4 8 2 4 B
J 4 4 8 2 4 D
J 4 4 8 3 2 8
J 4 4 8 3 2 9
J 4 4 8 3 2 B
J 4 4 8 3 2 C
J 4 4 8 3 2 F
J 4 4 8 3 2 10
J 4 4 8 3 2 11
J 4 4 6 10001 10003 10009
J 4 4 8 3 2 14
J 4 4 8 3 2 15
J 4 4 8 3 2 17
J 4 4 8 3 2 18
J 4 4 8 3 2 1A
J 4 4 8 3 9 4
J 4 4 8 3 9 5
J 4 4 8 10001 1 2
J 4 4 8 10001 1 3
J 4 4 8 10001 1 4
J 4 4 6 10001 10009 1
J 4 4 8 10001 1 5
J 4 4 8 10001 1 7
J 4 4 8 10001 1 8
J 4 4 8 10001 1 9
J 4 4 8 10001 1 C
J 4 4 8 10001 1 D
J 4 4 8 10001 1 E
J 4 4 8 10001 1 10
J 4 4 8 10001 2 3
J 4 4 8 10001 2 4
J 4 4 6 10001 10009 2
J 4 4 8 10001 2 5
J 4 4 8 10001 2 A
J 4 4 8 10001 2 B
J 4 4 8 10001 2 10
J 4 4 8 10001 2 11
J 4 4 8 10001 2 12
J 4 4 8 10001 2 14
J 4 4 8 10001 2 15
J 4 4 8 10001 2 16
J 4 4 8 10001 2 18
J 4 4 6 10001 10009 5
J 4 4 8 10001 2 19
J 4 4 8 10001 2 1B
J 4 4 8 10001 3 B
J 4 4 8 10001 3 F
J 4 4 8 10001 3 11
J 4 4 8 10001 3 14
J 4 4 8 10001 3 15
J 4 4 8 10001 3 16
J 4 4 8 10001 3 18
J 4 4 8 10001 3 19
J 4 4 6 10001 10009 6
J 4 4 8 10001 3 1B
J 4 4 8 10001 4 3
J 4 4 8 10001 4 5
J 4 4 8 10001 4 F
J 4 4 8 10001 4 10
J 4 4 8 10001 4 14
J 4 4 8 10001 4 15
J 4 4 8 10001 4 16
J 4 4 8 10001 4 18
J 4 4 8 10001 4 19
J 4 4 6 10002 1 3
J 4 4 8 10001 4 1B
J 4 4 8 10001 5 3
J 4 4 8 10001 5 9
J 4 4 8 10001 5 F
J 4 4 8 10001 5 14
J 4 4 8 10001 5 15
J 4 4 8 10001 5 16
J 4 4 8 10001 5 18
J 4 4 8 10001 5 19
J 4 4 8 10001 5 1B
J 4 4 5 10001 10001 1
J 4 4 6 10002 1 10
J 4 4 8 10001 8 B
J 4 4 8 10001 C B
J 4 4 8 10001 C C
J 4 4 8 10001 C D
J 4 4 8 10001 C 15
J 4 4 8 10001 C 1B
J 4 4 8 10001 D 9
J 4 4 8 10001 D C
J 4 4 8 10001 D 18
J 4 4 8 10001 D 19
J 4 4 6 10002 2 1
J 4 4 8 10001 E 8
J 4 4 8 10001 E A
J 4 4 8 10001 E C
J 4 4 8 10001 E D
J 4 4 8 10001 10 7
J 4 4 8 10001 10 9
J 4 4 8 10001 10 A
J 4 4 8 10001 10 C
J 4 4 8 10001 10 E
J 4 4 8 10001 10001 1
J 4 4 6 10002 2 5
J 4 4 8 10001 10001 2
J 4 4 8 10001 10001 3
J 4 4 8 10001 10001 4
J 4 4 8 10001 10001 5
J 4 4 8 10001 10001 7
J 4 4 8 10001 10001 8
J 4 4 8 10001 10001 9
J 4 4 8 10001 10001 A
J 4 4 8 10001 10001 C
J 4 4 8 10001 10001 D
J 4 4 6 10002 2 6
J 4 4 8 10001 10001 E
J 4 4 8 10001 10001 10
J 4 4 8 10001 10001 10001
J 4 4 8 10001 10001 10002
J 4 4 8 10001 10001 10003
J 4 4 8 10001 10001 10004
J 4 4 8 10001 10001 10005
J 4 4 8 10001 10001 1000C
J 4 4 8 10001 10001 1000D
J 4 4 8 10001 10001 1000E
J 4 4 6 10002 2 7
J 4 4 8 10001 10001 10010
J 4 4 8 10001 10005 1
J 4 4 8 10001 10005 2
J 4 4 8 10001 10005 3
J 4 4 8 10001 10005 6
J 4 4 8 10001 10005 C
J 4 4 8 10001 10005 D
J 4 4 8 10001 10005 E
J 4 4 8 10001 10005 10
J 4 4 8 10001 10005 1000C
J 4 4 6 10002 5 A
J 4 4 8 10001 1000C 1
J 4 4 8 10001 1000C 2
J 4 4 8 10001 1000C 4
J 4 4 8 10001 1000C 5
J 4 4 8 10001 1000C 9
J 4 4 8 10001 1000C A
J 4 4 8 10001 1000C B
J 4 4 8 10001 1000C E
J 4 4 8 10001 1000C F
J 4 4 8 10001 1000C 10005
J 4 4 6 10002 5 B
J 4 4 8 10001 10010 1
J 4 4 8 10001 10010 2
J 4 4 8 10001 10010 3
J 4 4 8 10001 10010 5
J 4 4 8 10001 10010 7
J 4 4 8 10001 10010 8
J 4 4 8 10001 10010 9
J 4 4 8 10001 10010 A
J 4 4 8 10001 10010 1000A
J 4 4 8 10002 1 4
J 4 4 6 10002 6 5
J 4 4 8 10002 1 5
J 4 4 8 10002 1 C
J 4 4 8 10002 1 11
J 4 4 8 10002 1 12
J 4 4 8 10002 1 16
J 4 4 8 10002 1 17
J 4 4 8 10002 1 18
J 4 4 8 10002 1 1B
J 4 4 8 10002 1 1C
J 4 4 8 10002 1 1F
J 4 4 6 10002 10001 1
J 4 4 8 10002 1 20
J 4 4 8 10002 1 22
J 4 4 8 10002 2 1
J 4 4 8 10002 2 3
J 4 4 8 10002 2 4
J 4 4 8 10002 2 5
J 4 4 8 10002 2 9
J 4 4 8 10002 2 A
J 4 4 8 10002 2 B
J 4 4 8 10002 2 C
J 4 4 6 10002 10001 2
J 4 4 8 10002 2 D
J 4 4 8 10002 2 F
J 4 4 8 10002 2 10
J 4 4 8 10002 2 11
J 4 4 8 10002 2 13
J 4 4 8 10002 3 1
J 4 4 8 10002 3 4
J 4 4 8 10002 3 5
J 4 4 8 10002 3 C
J 4 4 8 10002 3 17
J 4 4 5 10001 10001 2
J 4 4 6 10002 10001 3
J 4 4 8 10002 3 18
J 4 4 8 10002 3 1B
J 4 4 8 10002 3 1C
J 4 4 8 10002 3 1F
J 4 4 8 10002 3 20
J 4 4 8 10002 3 22
J 4 4 8 10002 4 5
J 4 4 8 10002 4 B
J 4 4 8 10002 4 C
J 4 4 8 10002 4 D
J 4 4 6 10002 10001 11
J 4 4 8 10002 4 12
J 4 4 8 10002 4 1B
J 4 4 8 10002 4 1C
J 4 4 8 10002 4 1F
J 4 4 8 10002 5 B
J 4 4 8 10002 5 C
J 4 4 8 10002 5 D
J 4 4 8 10002 5 16
J 4 4 8 10002 5 17
J 4 4 8 10002 5 1B
J 4 4 6 10002 10001 10003
J 4 4 8 10002 5 1C
J 4 4 8 10002 5 1F
J 4 4 8 10002 A D
J 4 4 8 10002 A 12
J 4 4 8 10002 A 13
J 4 4 8 10002 F D
J 4 4 8 10002 F 13
J 4 4 8 10002 F 23
J 4 4 8 10002 10 F
J 4 4 8 10002 10001 1
J 4 4 6 10002 10001 10011
J 4 4 8 10002 10001 2
J 4 4 8 10002 10001 3
J 4 4 8 10002 10001 4
J 4 4 8 10002 10001 5
J 4 4 8 10002 10001 12
J 4 4 8 10002 10001 13
J 4 4 8 10002 10001 17
J 4 4 8 10002 10001 18
J 4 4 8 10002 10001 19
J 4 4 8 10002 10001 1C
J 4 4 6 10002 10002 1
J 4 4 8 10002 10001 1D
J 4 4 8 10002 10001 20
J 4 4 8 10002 10001 21
J 4 4 8 10002 10001 23
J 4 4 8 10002 10001 10017
J 4 4 8 10002 10001 10018
J 4 4 8 10002 10002 1
J 4 4 8 10002 10002 2
J 4 4 8 10002 10002 3
J 4 4 8 10002 10002 4
J 4 4 6 10002 10002 2
J 4 4 8 10002 10002 5
J 4 4 8 10002 10002 9
J 4 4 8 10002 10002 A
J 4 4 8 10002 10002 B
J 4 4 8 10002 10002 C
J 4 4 8 10002 10002 D
J 4 4 8 10002 10002 F
J 4 4 8 10002 10002 10
J 4 4 8 10002 10002 11
J 4 4 8 10002 10002 13
J 4 4 6 10002 10002 5
J 4 4 8 10002 10002 14
J 4 4 8 10002 10002 10001
J 4 4 8 10002 10002 10002
J 4 4 8 10002 10002 10003
J 4 4 8 10002 10002 10004
J 4 4 8 10002 10002 10005
J 4 4 8 10002 10002 1000F
J 4 4 8 10002 10002 10010
J 4 4 8 10002 10003 1
J 4 4 8 10002 10003 2
J 4 4 6 10002 10002 6
J 4 4 8 10002 10003 3
J 4 4 8 10002 10003 4
J 4 4 8 10002 10003 5
J 4 4 8 10002 10003 A
J 4 4 8 10002 10003 1A
J 4 4 8 10002 10003 1F
J 4 4 8 10002 10003 20
J 4 4 8 10002 10003 24
J 4 4 8 10002 10003 29
J 4 4 8 10002 10003 10001
J 4 4 6 10002 10002 7
J 4 4 8 10002 10003 1000A
J 4 4 8 10002 10003 1001F
J 4 4 8 10002 10003 10020
J 4 4 8 10002 10003 10024
J 4 4 8 10002 10004 1
J 4 4 8 10002 10004 2
J 4 4 8 10002 10004 3
J 4 4 8 10002 10004 6
J 4 4 8 10002 10004 8
J 4 4 8 10002 10004 A
J 4 4 6 10002 10002 8
J 4 4 8 10002 10004 10
J 4 4 8 10002 10004 14
J 4 4 8 10002 10004 10001
J 4 4 8 10002 10004 10003
J 4 4 8 10002 10004 10014
J 4 4 8 10002 10005 1
J 4 4 8 10002 10005 2
J 4 4 8 10002 10005 3
J 4 4 8 10002 10005 4
J 4 4 8 10002 10005 5
J 4 4 5 10001 10001 4
J 4 4 6 10002 10002 10001
J 4 4 8 10002 10005 9
J 4 4 8 10002 10005 B
J 4 4 8 10002 10005 C
J 4 4 8 10002 10005 16
J 4 4 8 10002 10005 17
J 4 4 8 10002 10005 1B
J 4 4 8 10002 10005 10001
J 4 4 8 10002 10005 10016
J 4 4 8 10002 10005 1001B
J 4 4 8 10002 1000F 1
J 4 4 6 10002 10002 10002
J 4 4 8 10002 1000F 2
J 4 4 8 10002 1000F 3
J 4 4 8 10002 1000F 5
J 4 4 8 10002 1000F 9
J 4 4 8 10002 1000F D
J 4 4 8 10002 1000F 11
J 4 4 8 10002 1000F 13
J 4 4 8 10002 1000F 17
J 4 4 8 10002 1000F 18
J 4 4 8 10002 1000F 1B
J 4 4 6 20002 1 3
J 4 4 8 10002 1000F 1C
J 4 4 8 10002 1000F 1F
J 4 4 8 10002 1000F 20
J 4 4 8 10002 1000F 24
J 4 4 8 10002 1000F 10001
J 4 4 8 10002 1000F 10009
J 4 4 8 10002 10010 1
J 4 4 8 10002 10010 2
J 4 4 8 10002 10010 3
J 4 4 8 10002 10010 A
J 4 4 6 20002 1 D
J 4 4 8 10002 10010 E
J 4 4 8 10002 10010 10001
J 4 4 8 10003 1 5
J 4 4 8 10003 1 9
J 4 4 8 10003 1 C
J 4 4 8 10003 1 10
J 4 4 8 10003 1 12
J 4 4 8 10003 1 13
J 4 4 8 10003 1 17
J 4 4 8 10003 1 1B
J 4 4 6 20002 1 10
J 4 4 8 10003 1 1F
J 4 4 8 10003 2 1
J 4 4 8 10003 2 4
J 4 4 8 10003 2 5
J 4 4 8 10003 2 9
J 4 4 8 10003 2 A
J 4 4 8 10003 2 C
J 4 4 8 10003 2 11
J 4 4 8 10003 2 12
J 4 4 8 10003 2 14
J 4 4 6 20002 1 11
J 4 4 8 10003 2 17
J 4 4 8 10003 2 1B
J 4 4 8 10003 2 1C
J 4 4 8 10003 2 1F
J 4 4 8 10003 2 22
J 4 4 8 10003 3 1
J 4 4 8 10003 3 2
J 4 4 8 10003 3 6
J 4 4 8 10003 3 7
J 4 4 8 10003 3 8
J 4 4 6 20002 2 1
J 4 4 8 10003 3 9
J 4 4 8 10003 3 A
J 4 4 8 10003 3 B
J 4 4 8 10003 3 C
J 4 4 8 10003 6 B
J 4 4 8 10003 6 12
J 4 4 8 10003 8 10
J 4 4 8 10003 8 17
J 4 4 8 10003 9 12
J 4 4 8 10003 B 6
J 4 4 6 20002 2 4
J 4 4 8 10003 B 7
J 4 4 8 10003 B 9
J 4 4 8 10003 B A
J 4 4 8 10003 10001 1
J 4 4 8 10003 10001 2
J 4 4 8 10003 10001 3
J 4 4 8 10003 10001 4
J 4 4 8 10003 10001 5
J 4 4 8 10003 10001 C
J 4 4 8 10003 10001 11
J 4 4 6 20002 2 5
J 4 4 8 10003 10001 13
J 4 4 8 10003 10001 14
J 4 4 8 10003 10001 18
J 4 4 8 10003 10001 1C
J 4 4 8 10003 10001 1D
J 4 4 8 10003 10001 20
J 4 4 8 10003 10001 10004
J 4 4 8 10003 10001 10005
J 4 4 8 10003 10001 10011
J 4 4 8 10003 10001 1001C
J 4 4 6 20002 4 C
J 4 4 8 10003 10001 10020
J 4 4 8 10003 10003 1
J 4 4 8 10003 10003 2
J 4 4 8 10003 10003 3
J 4 4 8 10003 10003 6
J 4 4 8 10003 10003 7
J 4 4 8 10003 10003 8
J 4 4 8 10003 10003 9
J 4 4 8 10003 10003 A
J 4 4 8 10003 10003 B
J 4 4 5 10001 10001 5
J 4 4 6 20002 5 C
J 4 4 8 10003 10003 C
J 4 4 8 10003 10003 D
J 4 4 8 10003 10003 10001
J 4 4 8 10003 10003 10002
J 4 4 8 10003 10003 10003
J 4 4 8 10003 10003 10006
J 4 4 8 10003 10003 1000B
J 4 4 8 10003 10006 2
J 4 4 8 10003 10006 3
J 4 4 8 10003 10006 4
J 4 4 6 20002 10001 1
J 4 4 8 10003 10006 5
J 4 4 8 10003 10006 9
J 4 4 8 10003 10006 B
J 4 4 8 10003 10006 E
J 4 4 8 10003 10006 10
J 4 4 8 10003 10006 11
J 4 4 8 10003 10006 13
J 4 4 8 10003 1000B 1
J 4 4 8 10003 1000B 3
J 4 4 8 10003 1000B 4
J 4 4 6 20002 10001 2
J 4 4 8 20002 1 4
J 4 4 8 20002 1 5
J 4 4 8 20002 1 8
J 4 4 8 20002 1 C
J 4 4 8 20002 1 13
J 4 4 8 20002 1 19
J 4 4 8 20002 1 1A
J 4 4 8 20002 1 1C
J 4 4 8 20002 1 1F
J 4 4 8 20002 1 20
J 4 4 6 20002 10001 3
J 4 4 8 20002 1 22
J 4 4 8 20002 1 24
J 4 4 8 20002 1 25
J 4 4 8 20002 1 26
J 4 4 8 20002 1 28
J 4 4 8 20002 1 29
J 4 4 8 20002 1 2A
J 4 4 8 20002 2 1
J 4 4 8 20002 2 3
J 4 4 8 20002 2 4
J 4 4 6 20002 10001 E
J 4 4 8 20002 2 5
J 4 4 8 20002 2 8
J 4 4 8 20002 2 9
J 4 4 8 20002 2 A
J 4 4 8 20002 2 B
J 4 4 8 20002 2 C
J 4 4 8 20002 2 D
J 4 4 8 20002 2 F
J 4 4 8 20002 2 10
J 4 4 8 20002 3 1
J 4 4 6 20002 10001 11
J 4 4 8 20002 3 4
J 4 4 8 20002 3 5
J 4 4 8 20002 3 8
J 4 4 8 20002 3 B
J 4 4 8 20002 3 D
J 4 4 8 20002 3 11
J 4 4 8 20002 3 12
J 4 4 8 20002 3 14
J 4 4 8 20002 3 17
J 4 4 8 20002 3 18
J 4 4 6 20002 10001 12
J 4 4 8 20002 3 1A
J 4 4 8 20002 3 1B
J 4 4 8 20002 3 1D
J 4 4 8 20002 4 5
J 4 4 8 20002 4 B
J 4 4 8 20002 4 C
J 4 4 8 20002 4 D
J 4 4 8 20002 4 14
J 4 4 8 20002 4 1A
J 4 4 8 20002 4 1B
J 4 4 6 20002 10001 10001
J 4 4 8 20002 4 1D
J 4 4 8 20002 5 A
J 4 4 8 20002 5 B
J 4 4 8 20002 5 C
J 4 4 8 20002 5 D
J 4 4 8 20002 5 10
J 4 4 8 20002 5 14
J 4 4 8 20002 5 16
J 4 4 8 20002 5 17
J 4 4 8 20002 5 1A
J 4 4 6 20002 10001 10003
J 4 4 8 20002 5 1B
J 4 4 8 20002 5 1D
J 4 4 8 20002 A 11
J 4 4 8 20002 A 18
J 4 4 8 20002 A 1A
J 4 4 8 20002 B 22
J 4 4 8 20002 C 14
J 4 4 8 20002 F C
J 4 4 8 20002 F D
J 4 4 8 20002 F 13
J 4 4 6 20002 10001 1000E
J 4 4 8 20002 10 F
J 4 4 8 20002 10001 1
J 4 4 8 20002 10001 2
J 4 4 8 20002 10001 3
J 4 4 8 20002 10001 4
J 4 4 8 20002 10001 5
J 4 4 8 20002 10001 8
J 4 4 8 20002 10001 14
J 4 4 8 20002 10001 1A
J 4 4 8 20002 10001 1B
J 4 4 5 10001 10001 10001
J 4 4 6 20002 10002 1
J 4 4 8 20002 10001 1C
J 4 4 8 20002 10001 1D
J 4 4 8 20002 10001 20
J 4 4 8 20002 10001 21
J 4 4 8 20002 10001 25
J 4 4 8 20002 10001 26
J 4 4 8 20002 10001 29
J 4 4 8 20002 10001 2A
J 4 4 8 20002 10001 2B
J 4 4 8 20002 10002 1
J 4 4 6 20002 10002 2
J 4 4 8 20002 10002 2
J 4 4 8 20002 10002 3
J 4 4 8 20002 10002 4
J 4 4 8 20002 10002 5
J 4 4 8 20002 10002 9
J 4 4 8 20002 10002 A
J 4 4 8 20002 10002 B
J 4 4 8 20002 10002 C
J 4 4 8 20002 10002 D
J 4 4 8 20002 10002 E
J 4 4 6 20002 10002 5
J 4 4 8 20002 10002 F
J 4 4 8 20002 10002 11
J 4 4 8 20002 10002 12
J 4 4 8 20002 10002 13
J 4 4 8 20002 10002 15
J 4 4 8 20002 10003 1
J 4 4 8 20002 10003 2
J 4 4 8 20002 10003 3
J 4 4 8 20002 10003 4
J 4 4 8 20002 10003 5
J 4 4 6 20002 10002 6
J 4 4 8 20002 10003 9
J 4 4 8 20002 10003 E
J 4 4 8 20002 10003 13
J 4 4 8 20002 10003 14
J 4 4 8 20002 10003 16
J 4 4 8 20002 10003 1A
J 4 4 8 20002 10003 1E
J 4 4 8 20002 10003 1F
J 4 4 8 20002 10003 22
J 4 4 8 20002 10003 25
J 4 4 6 20002 10002 7
J 4 4 8 20002 10004 1
J 4 4 8 20002 10004 2
J 4 4 8 20002 10004 3
J 4 4 8 20002 10004 4
J 4 4 8 20002 10004 5
J 4 4 8 20002 10004 9
J 4 4 8 20002 10004 D
J 4 4 8 20002 10004 E
J 4 4 8 20002 10004 12
J 4 4 8 20002 10004 14
J 4 4 6 20002 10002 10001
J 4 4 8 20002 10004 16
J 4 4 8 20002 10004 19
J 4 4 8 20002 10004 1B
J 4 4 8 20002 10004 22
J 4 4 8 20002 10005 1
J 4 4 8 20002 10005 2
J 4 4 8 20002 10005 3
J 4 4 8 20002 10005 4
J 4 4 8 20002 10005 5
J 4 4 8 20002 10005 8
J 4 4 6 20002 10002 10002
J 4 4 8 20002 10005 A
J 4 4 8 20002 10005 B
J 4 4 8 20002 10005 D
J 4 4 8 20002 10005 10
J 4 4 8 20002 10005 11
J 4 4 8 20002 10005 14
J 4 4 8 20002 10005 16
J 4 4 8 20002 10005 17
J 4 4 8 20002 10005 1A
J 4 4 8 20002 1000F 1
J 4 4 6 20002 20002 1
J 4 4 8 20002 1000F 2
J 4 4 8 20002 1000F 3
J 4 4 8 20002 1000F 5
J 4 4 8 20002 1000F 8
J 4 4 8 20002 1000F E
J 4 4 8 20002 1000F 11
J 4 4 8 20002 1000F 13
J 4 4 8 20002 1000F 17
J 4 4 8 20002 1000F 18
J 4 4 8 20002 1000F 1A
J 4 4 6 20002 20002 2
J 4 4 8 20002 1000F 1B
J 4 4 8 20002 1000F 1D
J 4 4 8 20002 1000F 1E
J 4 4 8 20002 10010 1
J 4 4 8 20002 10010 2
J 4 4 8 20002 10010 3
J 4 4 8 20002 10010 A
J 4 4 8 20002 10010 E
J 4 4 8 20002 10010 11
J 4 4 8 20002 10010 12
J 4 4 6 20002 20002 4
J 4 4 8 20003 1 5
J 4 4 8 20003 1 A
J 4 4 8 20003 1 D
J 4 4 8 20003 1 F
J 4 4 8 20003 1 12
J 4 4 8 20003 1 14
J 4 4 8 20003 1 1A
J 4 4 8 20003 1 1F
J 4 4 8 20003 1 24
J 4 4 8 20003 1 28
