J 4 4 4 10001 10001 1
J 4 4 4 10001 10001 2
J 4 4 5 10001 10001 4
J 4 4 7 10001 1 3
J 4 4 7 10001 1 4
J 4 4 7 10001 1 6
J 4 4 7 10001 1 7
J 4 4 7 10001 1 8
J 4 4 7 10001 1 A
J 4 4 7 10001 1 B
J 4 4 7 10001 2 3
J 4 4 7 10001 2 4
J 4 4 7 10001 2 E
J 4 4 5 10001 10001 5
J 4 4 7 10001 2 F
J 4 4 7 10001 2 11
J 4 4 7 10001 2 12
J 4 4 7 10001 2 14
J 4 4 7 10001 3 4
J 4 4 7 10001 3 9
J 4 4 7 10001 3 D
J 4 4 7 10001 3 11
J 4 4 7 10001 3 12
J 4 4 7 10001 3 14
J 4 4 5 10001 10001 10001
J 4 4 7 10001 4 8
J 4 4 7 10001 4 D
J 4 4 7 10001 4 11
J 4 4 7 10001 4 12
J 4 4 7 10001 4 14
J 4 4 7 10001 7 D
J 4 4 7 10001 A A
J 4 4 7 10001 A 12
J 4 4 7 10001 B 8
J 4 4 7 10002 1 4
J 4 4 5 10001 10001 10002
J 4 4 7 10002 1 A
J 4 4 7 10002 1 F
J 4 4 7 10002 1 13
J 4 4 7 10002 1 17
J 4 4 7 10002 2 1
J 4 4 7 10002 2 3
J 4 4 7 10002 2 4
J 4 4 7 10002 2 8
J 4 4 7 10002 2 9
J 4 4 7 10002 2 A
J 4 4 5 10001 10002 1
J 4 4 7 10002 2 B
J 4 4 7 10002 2 D
J 4 4 7 10002 2 E
J 4 4 7 10002 2 F
J 4 4 7 10002 3 1
J 4 4 7 10002 3 4
J 4 4 7 10002 3 8
J 4 4 7 10002 3 F
J 4 4 7 10002 3 14
J 4 4 7 10002 3 17
J 4 4 6 1 3 2
J 4 4 7 10002 3 1A
J 4 4 7 10002 4 A
J 4 4 7 10002 4 B
J 4 4 7 10002 4 13
J 4 4 7 10002 4 17
J 4 4 7 10002 8 11
J 4 4 7 10002 9 C
J 4 4 7 10002 9 D
J 4 4 7 10002 9 11
J 4 4 8 1 2 9
J 4 4 6 1 3 4
J 4 4 8 1 2 A
J 4 4 8 1 2 B
J 4 4 8 1 2 F
J 4 4 8 1 2 10
J 4 4 8 1 2 11
J 4 4 8 1 2 13
J 4 4 8 1 2 14
J 4 4 8 1 2 17
J 4 4 8 1 2 18
J 4 4 8 1 2 1A
J 4 4 6 1 3 6
J 4 4 8 1 3 2
J 4 4 8 1 3 5
J 4 4 8 1 3 8
J 4 4 8 1 3 A
J 4 4 8 1 3 B
J 4 4 8 1 3 C
J 4 4 8 1 3 10
J 4 4 8 1 3 13
J 4 4 8 1 3 14
J 4 4 8 1 3 15
J 4 4 6 1 3 8
J 4 4 8 1 3 17
J 4 4 8 1 3 1A
J 4 4 8 1 4 3
J 4 4 8 1 4 5
J 4 4 8 1 4 8
J 4 4 8 1 4 9
J 4 4 8 1 4 E
J 4 4 8 1 4 F
J 4 4 8 1 4 13
J 4 4 8 1 4 14
J 4 4 6 2 1 B
J 4 4 8 1 4 15
J 4 4 8 1 4 17
J 4 4 8 1 4 18
J 4 4 8 1 5 5
J 4 4 8 1 5 6
J 4 4 8 1 5 7
J 4 4 8 1 5 9
J 4 4 8 1 5 B
J 4 4 8 1 5 D
J 4 4 8 1 5 F
J 4 4 4 10001 10001 10001
J 4 4 6 2 1 D
J 4 4 8 1 C 18
J 4 4 8 1 F 7
J 4 4 8 1 F 8
J 4 4 8 1 F 9
J 4 4 8 2 4 1
J 4 4 8 2 4 3
J 4 4 8 2 4 6
J 4 4 8 2 4 8
J 4 4 8 2 4 9
J 4 4 8 2 4 B
J 4 4 6 2 4 4
J 4 4 8 2 4 D
J 4 4 8 3 2 8
J 4 4 8 3 2 9
J 4 4 8 3 2 B
J 4 4 8 3 2 C
J 4 4 8 3 2 F
J 4 4 8 3 2 10
J 4 4 8 3 2 11
J 4 4 8 3 2 14
J 4 4 8 3 2 15
J 4 4 6 10001 1 2
J 4 4 8 3 2 17
J 4 4 8 3 2 18
J 4 4 8 3 2 1A
J 4 4 8 3 9 4
J 4 4 8 3 9 5
J 4 4 6 10001 1 3
J 4 4 6 10001 1 5
J 4 4 6 10001 1 6
J 4 4 6 10001 1 7
J 4 4 6 10001 1 9
J 4 4 6 10001 2 3
J 4 4 6 10001 2 7
J 4 4 5 10001 1 2
J 4 4 6 10001 2 C
J 4 4 6 10001 2 E
J 4 4 6 10001 3 B
J 4 4 6 10001 3 E
J 4 4 6 10001 9 7
J 4 4 6 10001 10001 1
J 4 4 6 10001 10001 2
J 4 4 6 10001 10001 3
J 4 4 6 10001 10001 5
J 4 4 6 10001 10001 6
J 4 4 5 10001 1 4
J 4 4 6 10001 10001 7
J 4 4 6 10001 10001 9
J 4 4 6 10001 10003 1
J 4 4 6 10001 10003 2
J 4 4 6 10001 10003 9
J 4 4 6 10001 10009 1
J 4 4 6 10001 10009 2
J 4 4 6 10001 10009 5
J 4 4 6 10001 10009 6
J 4 4 6 10002 1 3
J 4 4 5 10001 1 5
J 4 4 6 10002 1 10
J 4 4 6 10002 2 1
J 4 4 6 10002 2 5
J 4 4 6 10002 2 6
J 4 4 6 10002 2 7
J 4 4 6 10002 5 A
J 4 4 6 10002 5 B
J 4 4 6 10002 6 5
J 4 4 6 10002 10001 1
J 4 4 6 10002 10001 2
J 4 4 5 10001 2 6
J 4 4 6 10002 10001 3
J 4 4 6 10002 10001 11
J 4 4 6 10002 10002 1
J 4 4 6 10002 10002 2
J 4 4 6 10002 10002 5
J 4 4 6 10002 10002 6
J 4 4 6 10002 10002 7
J 4 4 6 10002 10002 8
J 4 4 6 20002 1 3
J 4 4 6 20002 1 D
J 4 4 5 10001 4 8
J 4 4 6 20002 1 10
J 4 4 6 20002 1 11
J 4 4 6 20002 2 1
J 4 4 6 20002 2 4
J 4 4 6 20002 2 5
J 4 4 6 20002 4 C
J 4 4 6 20002 5 C
J 4 4 7 1 4 4
J 4 4 7 1 4 5
J 4 4 7 1 4 7
J 4 4 5 10001 10001 1
J 4 4 7 1 4 9
J 4 4 7 2 1 8
J 4 4 7 2 1 9
J 4 4 7 2 1 D
J 4 4 7 2 1 E
J 4 4 7 2 1 10
J 4 4 7 2 1 13
J 4 4 7 2 3 4
J 4 4 7 2 3 5
J 4 4 7 2 3 7
J 4 4 5 10001 10001 2
J 4 4 7 2 3 A
J 4 4 7 2 4 1
J 4 4 7 2 4 3
J 4 4 7 2 4 8
J 4 4 7 2 4 A
J 4 4 7 2 4 C
J 4 4 7 2 4 E
J 4 4 7 2 4 10
J 4 4 7 2 4 13
J 4 4 7 10001 1 2
