J 11 11 6 20001 7 A 20006 20001 1 2 1B 23 20035
J 11 11 6 20001 7 A 20006 20001 1 2 1B 23 20036
J 11 11 4 20001 4 3 20008 20001 1 20005 5 F 20030
J 11 11 4 20001 4 3 20008 20001 1 20005 5 F 20031
J 11 11 4 20001 4 3 20008 20001 1 20005 5 F 20032
J 11 11 4 20001 4 3 20008 20001 1 20005 5 F 20034
J 11 11 4 20001 4 3 20008 20001 1 20005 5 F 20035
J 11 11 4 20001 4 3 20008 20001 1 20005 5 F 20037
J 11 11 4 20001 4 3 20008 20001 1 20005 5 F 20038
J 11 11 4 20001 4 3 20008 20001 1 20005 5 F 20039
J 11 11 4 20001 4 3 20008 20001 1 20005 5 F 2003A
J 11 11 4 20001 4 3 20008 20001 1 20005 5 F 2003D
J 11 11 6 20001 7 A 20006 20001 1 2 1B 23 20037
J 11 11 4 20001 4 3 20008 20001 1 20005 5 F 2003E
J 11 11 4 20001 4 3 20008 20001 1 20005 5 F 2003F
J 11 11 4 20001 4 3 20008 20001 1 20005 5 F 20040
J 11 11 4 20001 4 3 20008 20001 20001 1 5 D 2000F
J 11 11 4 20001 4 3 20008 20001 20001 1 5 D 20010
J 11 11 4 20001 4 3 20008 20001 20001 1 5 D 20015
J 11 11 4 20001 4 3 20008 20001 20001 1 5 D 20016
J 11 11 4 20001 4 3 20008 20001 20001 1 5 D 2001B
J 11 11 4 20001 4 3 20008 20001 20001 1 5 D 2001C
J 11 11 4 20001 4 3 20008 20001 20001 1 5 D 2001D
J 11 11 6 20001 7 A 20006 20001 1 2 1B 23 2003A
J 11 11 4 20001 4 3 20008 20001 20001 1 5 D 20021
J 11 11 4 20001 4 3 20008 20001 20001 1 5 D 20022
J 11 11 4 20001 4 3 20008 20001 20001 1 5 D 20024
J 11 11 4 20001 4 3 20008 20001 20001 1 5 D 20025
J 11 11 4 20001 4 3 20008 20001 20001 1 5 D 20026
J 11 11 4 20001 4 3 20008 20001 20001 1 5 D 20028
J 11 11 4 20001 4 3 20008 20001 20001 1 5 D 2002A
J 11 11 4 20001 4 3 20008 20001 20001 1 5 D 2002B
J 11 11 4 20001 4 3 20008 20001 20001 1 5 D 2002D
J 11 11 4 20001 4 3 20008 20001 20001 1 5 D 2002E
J 11 11 6 20001 7 A 20006 20001 1 2 1B 23 2003B
J 11 11 4 20001 4 3 20008 20001 20001 1 5 D 2002F
J 11 11 4 20001 4 3 20008 20001 20001 1 10 19 20010
J 11 11 4 20001 4 3 20008 20001 20001 1 10 19 20012
J 11 11 4 20001 4 3 20008 20001 20001 1 10 19 20017
J 11 11 4 20001 4 3 20008 20001 20001 1 10 19 20018
J 11 11 4 20001 4 3 20008 20001 20001 1 10 19 2001A
J 11 11 4 20001 4 3 20008 20001 20001 1 10 19 2001D
J 11 11 4 20001 4 3 20008 20001 20001 1 10 19 20020
J 11 11 4 20001 4 3 20008 20001 20001 1 10 19 20021
J 11 11 4 20001 4 3 20008 20001 20001 1 10 19 20022
J 11 11 6 20001 7 A 20006 20001 1 2 1B 23 2003E
J 11 11 4 20001 4 3 20008 20001 20001 1 10 19 20025
J 11 11 4 20001 4 3 20008 20001 20001 1 10 19 20027
J 11 11 4 20001 4 3 20008 20001 20001 1 10 19 2002A
J 11 11 4 20001 4 3 20008 20001 20001 1 10 19 2002B
J 11 11 4 20001 4 3 20008 20001 20001 1 10 19 2002C
J 11 11 4 20001 4 3 20008 20001 20001 1 10 19 2002D
J 11 11 4 20001 4 3 20008 20001 20001 1 10 19 2002E
J 11 11 4 20001 4 3 20008 20001 20001 1 10 19 2002F
J 11 11 4 20001 4 3 20008 20001 20001 1 10 19 20030
J 11 11 4 20001 4 3 20008 20001 20001 1 10 19 20031
J 11 11 6 20001 7 A 20006 20001 1 2 1B 23 2003F
J 11 11 4 20001 4 3 20008 20001 20001 1 10 19 20033
J 11 11 4 20001 4 3 20008 20001 20001 1 10 19 20034
J 11 11 4 20001 4 3 20008 20001 20001 1 10 19 20035
J 11 11 4 20001 4 3 20008 20001 20001 1 10 19 20036
J 11 11 6 20001 7 A 20006 20001 1 2 1B 23 20040
J 11 11 4 20001 4 3 20008 20001 1 20005 5 F 2002E
J 11 11 4 20001 4 3 20008 20001 1 20005 5 F 2002F
