J 7 7 8 3 20008 20004 7 A 23
J 7 7 8 3 20008 20004 7 A 24
J 7 7 8 3 20008 20004 7 A 27
J 7 7 8 3 20008 20004 7 A 28
J 7 7 8 3 20008 20004 7 A 29
J 7 7 8 3 20008 20004 7 A 2B
J 7 7 8 3 20008 20004 7 A 2C
J 7 7 8 3 20008 20004 7 A 2D
J 7 7 6 1 40005 A 2000F 7 1A
J 7 7 6 1 40005 A 2000F 7 1C
J 7 7 6 1 40005 A 2000F 7 1F
J 7 7 6 1 40005 A 2000F 7 20
J 7 7 4 40001 6 20001 1 9 40025
J 7 7 4 40001 6 20001 1 9 40026
J 7 7 4 40001 6 20001 1 9 40028
J 7 7 4 40001 6 20001 1 9 40029
J 7 7 4 40001 6 20001 1 9 4002A
J 7 7 4 40001 6 20001 1 9 4002B
J 7 7 4 40001 6 20001 20001 1 9
J 7 7 4 40001 6 20001 20001 1 A
J 7 7 4 40001 6 20001 20001 1 B
J 7 7 4 40001 6 20001 20001 1 D
J 7 7 4 40001 6 20001 20001 1 E
J 7 7 4 40001 6 20001 20001 1 F
J 7 7 4 40001 6 20001 20001 1 10
J 7 7 4 40001 6 20001 20001 1 12
J 7 7 4 40001 6 20001 20001 1 13
J 7 7 4 40001 6 20001 20001 1 15
J 7 7 4 40001 6 20001 20001 1 16
J 7 7 4 40001 6 20001 20001 1 20003
J 7 7 4 40001 6 20001 20001 1 20004
J 7 7 4 40001 6 20001 20001 1 20005
J 7 7 4 40001 6 20001 20001 1 20007
J 7 7 4 40001 6 20001 20001 1 20009
J 7 7 4 40001 6 20001 20001 1 2000A
J 7 7 4 40001 6 20001 20001 1 2000B
J 7 7 4 40001 6 20001 20001 1 2000F
J 7 7 4 40001 6 20001 20001 1 20010
J 7 7 4 40001 6 20001 20001 1 20012
J 7 7 4 40001 6 20001 20001 1 20013
J 7 7 4 40001 6 20001 20001 1 20015
J 7 7 4 40001 6 20001 20001 1 20016
J 7 7 A 20002 20002 2 6 17 20017
J 7 7 A 20002 20002 2 6 17 2001B
J 7 7 A 20002 20002 2 6 17 2001C
J 7 7 A 20002 20002 2 6 17 20020
J 7 7 A 20002 20002 2 6 17 20024
J 7 7 A 20002 20002 2 6 17 2002B
J 7 7 A 20002 20002 2 6 17 2002F
J 7 7 A 20002 20002 2 6 17 20031
J 7 7 A 20002 20002 2 6 17 20032
J 7 7 A 20002 20002 2 6 17 20036
J 7 7 6 1 40005 A 2000F 7 22
J 7 7 6 1 40005 A 2000F 7 23
J 7 7 6 1 40005 A 2000F 7 24
J 7 7 6 1 40005 A 2000F 7 25
J 7 7 A 20002 20002 2 6 17 2003A
J 7 7 A 20002 20002 2 6 17 2003B
J 7 7 A 20002 20002 2 6 17 2003D
J 7 7 A 20002 20002 2 6 17 2003F
J 7 7 A 20002 20002 2 6 17 20040
J 7 7 A 20002 20002 2 6 17 20042
J 7 7 A 20002 20002 2 6 17 20043
J 7 7 6 20001 7 2 20013 2 8
J 7 7 6 20001 7 2 20013 2 A
J 7 7 6 20001 7 2 20013 2 B
J 7 7 6 20001 7 2 20013 2 C
J 7 7 6 20001 7 2 20013 2 D
J 7 7 6 20001 7 2 20013 2 F
J 7 7 6 20001 7 2 20013 2 10
J 7 7 6 20001 7 2 20013 2 11
J 7 7 6 20001 7 2 20013 2 14
J 7 7 6 20001 7 2 20013 2 16
J 7 7 6 20001 7 2 20013 2 17
J 7 7 6 20001 7 2 20013 2 18
J 7 7 6 20001 7 2 20013 2 20001
J 7 7 6 20001 7 2 20013 2 20006
J 7 7 6 20001 7 2 20013 2 20008
J 7 7 6 20001 7 2 20013 2 2000A
J 7 7 6 20001 7 2 20013 2 2000B
J 7 7 6 20001 7 2 20013 2 2000C
J 7 7 6 20001 7 2 20013 2 2000D
J 7 7 6 20001 7 2 20013 2 2000E
J 7 7 6 20001 7 2 20013 2 2000F
J 7 7 6 20001 7 2 20013 2 20010
J 7 7 6 20001 7 2 20013 2 20011
J 7 7 6 20001 7 2 20013 2 20013
J 7 7 6 20001 7 2 20013 2 20014
J 7 7 6 20001 7 2 20013 2 20016
J 7 7 6 20001 7 2 20013 2 20017
J 7 7 6 20001 7 2 20013 2 20018
J 7 7 6 20001 7 2 20013 2 40008
J 7 7 6 20001 7 2 20013 2 4000D
J 7 7 6 20001 7 2 20013 2 4000F
J 7 7 6 20001 7 2 20013 2 40011
J 7 7 6 20001 7 2 20013 2 40014
J 7 7 6 1 40005 A 2000F 7 26
J 7 7 6 1 40005 A 2000F 7 28
J 7 7 6 1 40005 A 2000F 7 29
J 7 7 6 1 40005 A 2000F 7 2A
J 7 7 6 20001 7 2 20013 2 40017
J 7 7 6 20001 7 2 20013 2 40018
J 7 7 6 20001 7 2 20013 20002 2
J 7 7 6 20001 7 2 20013 20002 6
J 7 7 6 20001 7 2 20013 20002 8
J 7 7 6 20001 7 2 20013 20002 A
J 7 7 6 20001 7 2 20013 20002 C
J 7 7 6 20001 7 2 20013 20002 D
J 7 7 6 20001 7 2 20013 20002 E
J 7 7 6 20001 7 2 20013 20002 F
J 7 7 6 20001 7 2 20013 20002 11
J 7 7 6 20001 7 2 20013 20002 12
J 7 7 6 20001 7 2 20013 20002 13
J 7 7 6 20001 7 2 20013 20002 14
J 7 7 6 20001 7 2 20013 20002 15
J 7 7 6 20001 7 2 20013 20002 18
J 7 7 6 20001 7 2 20013 20002 19
J 7 7 6 20001 7 2 20013 20002 1A
J 7 7 6 20001 7 2 20013 20002 1C
J 7 7 6 20001 7 2 20013 20002 1D
J 7 7 6 20001 7 2 20013 20002 1E
J 7 7 6 20001 7 2 20013 20002 1F
J 7 7 6 20001 7 2 20013 20002 20
J 7 7 6 20001 7 2 20013 20002 21
J 7 7 6 20001 7 2 20013 20002 22
J 7 7 6 20001 7 2 20013 20002 20001
J 7 7 6 20001 7 2 20013 20002 20002
J 7 7 6 20001 7 2 20013 20002 20008
J 7 7 6 20001 7 2 20013 20002 2000F
J 7 7 6 20001 7 2 20013 20002 20011
J 7 7 6 20001 7 2 20013 20002 20012
J 7 7 6 20001 7 2 20013 20002 20013
J 7 7 6 20001 7 2 20013 20002 20015
J 7 7 6 20001 7 2 20013 20002 20018
J 7 7 6 20001 7 2 20013 20002 20019
J 7 7 6 20001 7 2 20013 20002 2001A
J 7 7 6 20001 7 2 20013 20002 2001D
J 7 7 6 20001 7 2 20013 20002 2001E
J 7 7 6 20001 7 2 20013 20002 2001F
J 7 7 6 20001 7 2 20013 20002 20020
J 7 7 6 1 40005 A 2000F 7 2B
J 7 7 6 1 40005 A 2000F 7 2D
J 7 7 6 1 40005 A 2000F 7 2E
J 7 7 6 1 40005 A 2000F 7 20003
J 7 7 6 20001 7 2 20013 20002 20021
J 7 7 6 20001 7 A 20006 1 14
J 7 7 6 20001 7 A 20006 1 16
J 7 7 6 20001 7 A 20006 1 17
J 7 7 6 20001 7 A 20006 1 18
J 7 7 6 20001 7 A 20006 1 20002
J 7 7 6 20001 7 A 20006 1 20003
J 7 7 6 20001 7 A 20006 1 20007
J 7 7 6 20001 7 A 20006 1 20008
J 7 7 6 20001 7 A 20006 1 20009
J 7 7 6 20001 7 A 20006 1 2000A
J 7 7 6 20001 7 A 20006 1 2000C
J 7 7 6 20001 7 A 20006 1 2000E
J 7 7 6 20001 7 A 20006 1 20011
J 7 7 6 20001 7 A 20006 1 20012
J 7 7 6 20001 7 A 20006 1 20014
J 7 7 6 20001 7 A 20006 1 20016
J 7 7 6 20001 7 A 20006 1 20017
J 7 7 6 20001 7 A 20006 1 20018
J 7 7 6 20001 7 A 20006 1 40003
J 7 7 6 20001 7 A 20006 1 40007
J 7 7 6 20001 7 A 20006 1 4000C
J 7 7 6 20001 7 A 20006 1 4000E
J 7 7 6 20001 7 A 20006 1 40014
J 7 7 6 20001 7 A 20006 1 40016
J 7 7 6 20001 7 A 20006 1 40017
J 7 7 6 20001 7 A 20006 20001 1
J 7 7 6 20001 7 A 20006 20001 2
J 7 7 6 20001 7 A 20006 20001 3
J 7 7 6 20001 7 A 20006 20001 6
J 7 7 6 20001 7 A 20006 20001 9
J 7 7 6 20001 7 A 20006 20001 B
J 7 7 6 20001 7 A 20006 20001 C
J 7 7 6 20001 7 A 20006 20001 E
J 7 7 6 20001 7 A 20006 20001 F
J 7 7 6 20001 7 A 20006 20001 10
J 7 7 6 20001 7 A 20006 20001 12
J 7 7 6 20001 7 A 20006 20001 14
J 7 7 6 20001 7 A 20006 20001 17
J 7 7 6 20001 7 A 20006 20001 18
J 7 7 6 1 40005 A 2000F 7 20005
J 7 7 6 1 40005 A 2000F 7 20013
J 7 7 6 1 40005 A 2000F 7 20014
J 7 7 6 1 40005 A 2000F 7 20019
J 7 7 6 20001 7 A 20006 20001 1A
J 7 7 6 20001 7 A 20006 20001 1B
J 7 7 6 20001 7 A 20006 20001 1C
J 7 7 6 20001 7 A 20006 20001 1E
J 7 7 6 20001 7 A 20006 20001 1F
J 7 7 6 20001 7 A 20006 20001 20
J 7 7 6 20001 7 A 20006 20001 21
J 7 7 6 20001 7 A 20006 20001 22
J 7 7 6 20001 7 A 20006 20001 23
J 7 7 6 20001 7 A 20006 20001 24
J 7 7 6 20001 7 A 20006 20001 20001
J 7 7 6 20001 7 A 20006 20001 20002
J 7 7 6 20001 7 A 20006 20001 20003
J 7 7 6 20001 7 A 20006 20001 20006
J 7 7 6 20001 7 A 20006 20001 20009
J 7 7 6 20001 7 A 20006 20001 2000E
J 7 7 6 20001 7 A 20006 20001 20010
J 7 7 6 20001 7 A 20006 20001 20012
J 7 7 6 20001 7 A 20006 20001 2001A
J 7 7 6 20001 7 A 20006 20001 2001C
J 7 7 6 20001 7 A 20006 20001 2001E
J 7 7 6 20001 7 A 20006 20001 2001F
J 7 7 6 20001 7 A 20006 20001 20020
J 7 7 6 20001 7 A 20006 20001 20021
J 7 7 6 20001 7 A 20006 20001 20024
J 7 7 6 20001 7 20001 1 2 14
J 7 7 6 20001 7 20001 1 2 15
J 7 7 6 20001 7 20001 1 2 17
J 7 7 6 20001 7 20001 1 2 18
J 7 7 6 20001 7 20001 1 2 19
J 7 7 6 20001 7 20001 1 2 1A
J 7 7 6 20001 7 20001 1 2 1C
J 7 7 6 20001 7 20001 1 2 1D
J 7 7 6 20001 7 20001 1 2 1E
J 7 7 6 20001 7 20001 1 2 20003
J 7 7 6 20001 7 20001 1 2 20006
J 7 7 6 20001 7 20001 1 2 20009
J 7 7 6 20001 7 20001 1 2 2000A
J 7 7 6 20001 7 20001 1 2 2000B
J 7 7 6 20001 7 20001 1 2 2000C
J 7 7 6 1 40005 A 2000F 7 2001F
J 7 7 6 1 40005 A 2000F 7 20023
J 7 7 6 1 40005 A 2000F 7 20024
J 7 7 6 1 40005 A 2000F 7 20025
J 7 7 6 20001 7 20001 1 2 2000F
J 7 7 6 20001 7 20001 1 2 20010
J 7 7 6 20001 7 20001 1 2 20013
J 7 7 6 20001 7 20001 1 2 20014
J 7 7 6 20001 7 20001 1 2 20015
J 7 7 6 20001 7 20001 1 2 20017
J 7 7 6 20001 7 20001 1 2 20018
J 7 7 6 20001 7 20001 1 2 20019
J 7 7 6 20001 7 20001 1 2 2001A
J 7 7 6 20001 7 20001 1 2 2001C
J 7 7 6 20001 7 20001 1 2 2001D
J 7 7 6 20001 7 20001 1 2 2001E
J 7 7 6 20001 7 20001 1 2 40003
J 7 7 6 20001 7 20001 1 2 40006
J 7 7 6 20001 7 20001 1 2 40009
J 7 7 6 20001 7 20001 1 2 4000B
J 7 7 6 20001 7 20001 1 2 4000C
J 7 7 6 20001 7 20001 1 2 4000F
J 7 7 6 20001 7 20001 1 2 40010
J 7 7 6 20001 7 20001 1 2 40014
J 7 7 6 20001 7 20001 1 2 40015
J 7 7 6 20001 7 20001 1 2 40017
J 7 7 6 20001 7 20001 1 2 40018
J 7 7 6 20001 7 20001 1 2 40019
J 7 7 6 20001 7 20001 1 2 4001A
J 7 7 6 20001 7 20001 1 2 4001C
J 7 7 6 20001 7 20001 1 2 4001D
J 7 7 6 20001 7 20001 1 2 4001E
J 7 7 6 20001 7 20001 1 B 1A
J 7 7 6 20001 7 20001 1 B 1F
J 7 7 6 20001 7 20001 1 B 20
J 7 7 6 20001 7 20001 1 B 21
J 7 7 6 20001 7 20001 1 B 22
J 7 7 6 20001 7 20001 1 B 24
J 7 7 6 20001 7 20001 1 B 25
J 7 7 6 20001 7 20001 1 B 26
J 7 7 6 20001 7 20001 1 B 28
J 7 7 6 20001 7 20001 1 B 29
J 7 7 6 20001 7 20001 1 B 2A
J 7 7 6 20001 7 20001 1 B 2B
J 7 7 6 1 40005 A 2000F 7 20026
J 7 7 6 1 40005 A 2000F 7 20029
J 7 7 6 1 40005 A 2000F 7 2002A
J 7 7 6 1 40005 A 2000F 7 2002B
J 7 7 6 20001 7 20001 1 B 20003
J 7 7 6 20001 7 20001 1 B 20006
J 7 7 6 20001 7 20001 1 B 20008
J 7 7 6 20001 7 20001 1 B 2000B
J 7 7 6 20001 7 20001 1 B 2000C
J 7 7 6 20001 7 20001 1 B 2000E
J 7 7 6 20001 7 20001 1 B 2000F
J 7 7 6 20001 7 20001 1 B 20010
J 7 7 6 20001 7 20001 1 B 20012
J 7 7 6 20001 7 20001 1 B 20013
J 7 7 6 20001 7 20001 1 B 20014
J 7 7 6 20001 7 20001 1 B 20016
J 7 7 6 20001 7 20001 1 B 20019
J 7 7 6 20001 7 20001 1 B 2001A
J 7 7 6 20001 7 20001 1 B 2001B
J 7 7 6 20001 7 20001 1 B 2001C
J 7 7 6 20001 7 20001 1 B 2001D
J 7 7 6 20001 7 20001 1 B 2001F
J 7 7 6 20001 7 20001 1 B 20020
J 7 7 6 20001 7 20001 1 B 20021
J 7 7 6 20001 7 20001 1 B 20022
J 7 7 6 20001 7 20001 1 B 20023
J 7 7 6 20001 7 20001 1 B 20024
J 7 7 6 20001 7 20001 1 B 20025
J 7 7 6 20001 7 20001 1 B 20026
J 7 7 6 20001 7 20001 1 B 20028
J 7 7 6 20001 7 20001 1 B 20029
J 7 7 6 20001 7 20001 1 B 2002A
J 7 7 6 20001 7 20001 1 B 2002B
J 7 7 6 20001 7 20001 1 B 40003
J 7 7 6 20001 7 20001 1 B 40006
J 7 7 6 20001 7 20001 1 B 40008
J 7 7 6 20001 7 20001 1 B 4000B
J 7 7 6 20001 7 20001 1 B 4000E
J 7 7 6 20001 7 20001 1 B 4000F
J 7 7 6 20001 7 20001 1 B 40010
J 7 7 6 20001 7 20001 1 B 40012
J 7 7 6 20001 7 20001 1 B 40013
J 7 7 6 20001 7 20001 1 B 40014
J 7 7 6 20001 7 20001 1 B 40016
J 7 7 C 20004 4 8 1B 1F 20032
J 7 7 C 20004 4 8 1B 1F 20034
J 7 7 C 20004 4 8 1B 1F 20035
J 7 7 C 20004 4 8 1B 1F 20039
J 7 7 6 20001 7 20001 1 B 4001A
J 7 7 6 20001 7 20001 1 B 4001C
J 7 7 6 20001 7 20001 1 B 4001D
J 7 7 6 20001 7 20001 1 B 4001F
J 7 7 6 20001 7 20001 1 B 40020
J 7 7 6 20001 7 20001 1 B 40021
J 7 7 6 20001 7 20001 1 B 40022
J 7 7 6 20001 7 20001 1 B 40023
J 7 7 6 20001 7 20001 1 B 40025
J 7 7 6 20001 7 20001 1 B 40026
J 7 7 6 20001 7 20001 1 B 40028
J 7 7 6 20001 7 20001 1 B 40029
J 7 7 6 20001 7 20001 1 B 4002A
J 7 7 6 20001 7 20001 1 B 4002B
J 7 7 6 20001 7 20001 1 14 2001D
J 7 7 6 20001 7 20001 1 14 2001F
J 7 7 6 20001 7 20001 1 14 20020
J 7 7 6 20001 7 20001 1 14 20021
J 7 7 6 20001 7 20001 1 14 20022
J 7 7 6 20001 7 20001 1 14 20023
J 7 7 6 20001 7 20001 1 14 20024
J 7 7 6 20001 7 20001 1 14 20025
J 7 7 6 20001 7 20001 1 14 20026
J 7 7 6 20001 7 20001 1 14 20028
J 7 7 6 20001 7 20001 1 14 20029
J 7 7 6 20001 7 20001 1 14 2002A
J 7 7 6 20001 7 20001 1 14 2002B
J 7 7 6 20001 7 20001 1 14 40003
J 7 7 6 20001 7 20001 1 14 40006
J 7 7 6 20001 7 20001 1 14 40008
J 7 7 6 20001 7 20001 1 14 4000B
J 7 7 6 20001 7 20001 1 14 4000F
J 7 7 6 20001 7 20001 1 14 40010
J 7 7 6 20001 7 20001 1 14 40012
J 7 7 6 20001 7 20001 1 14 40013
J 7 7 6 20001 7 20001 1 14 40014
J 7 7 6 20001 7 20001 1 14 40016
J 7 7 6 20001 7 20001 1 14 4001B
J 7 7 6 20001 7 20001 1 14 4001C
J 7 7 6 20001 7 20001 1 14 4001D
J 7 7 C 20004 4 8 1B 1F 2003D
J 7 7 C 20004 4 8 1B 1F 20044
J 7 7 C 20004 4 8 1B 1F 20048
J 7 7 C 20004 4 8 1B 1F 2004A
J 7 7 6 20001 7 20001 1 14 4001F
J 7 7 6 20001 7 20001 1 14 40020
J 7 7 6 20001 7 20001 1 14 40021
J 7 7 6 20001 7 20001 1 14 40022
J 7 7 6 20001 7 20001 1 14 40023
J 7 7 6 20001 7 20001 1 14 40024
J 7 7 6 20001 7 20001 1 14 40025
J 7 7 6 20001 7 20001 1 14 40026
J 7 7 6 20001 7 20001 1 14 40028
J 7 7 6 20001 7 20001 1 14 40029
J 7 7 6 20001 7 20001 1 14 4002A
J 7 7 6 20001 7 20001 1 14 4002B
J 7 7 6 20001 7 20001 1 20002 20
J 7 7 6 20001 7 20001 1 20002 21
J 7 7 6 20001 7 20001 1 20002 20002
J 7 7 6 20001 7 20001 1 20002 20003
J 7 7 6 20001 7 20001 1 20002 20006
J 7 7 6 20001 7 20001 1 20002 20009
J 7 7 6 20001 7 20001 1 20002 2000C
J 7 7 6 20001 7 20001 1 20002 20010
J 7 7 6 20001 7 20001 1 20002 20013
J 7 7 6 20001 7 20001 1 20002 20014
J 7 7 6 20001 7 20001 1 20002 20015
J 7 7 6 20001 7 20001 1 20002 20017
J 7 7 6 20001 7 20001 1 20002 20018
J 7 7 6 20001 7 20001 1 20002 20019
J 7 7 6 20001 7 20001 1 20002 2001A
J 7 7 6 20001 7 20001 1 20002 2001B
J 7 7 6 20001 7 20001 1 20002 2001C
J 7 7 6 20001 7 20001 1 20002 2001D
J 7 7 6 20001 7 20001 1 20002 2001F
J 7 7 6 20001 7 20001 1 20002 20020
J 7 7 6 20001 7 20001 1 20002 20021
J 7 7 6 20001 7 20001 20001 1 B
J 7 7 6 20001 7 20001 20001 1 C
J 7 7 6 20001 7 20001 20001 1 E
J 7 7 6 20001 7 20001 20001 1 10
J 7 7 6 20001 7 20001 20001 1 13
J 7 7 6 20001 7 20001 20001 1 14
J 7 7 6 20001 7 20001 20001 1 15
J 7 7 C 20004 4 8 1B 1F 2004B
J 7 7 C 20004 4 8 1B 1F 2004F
J 7 7 C 20004 4 8 1B 1F 20053
J 7 7 C 20004 4 8 1B 1F 20054
J 7 7 6 20001 7 20001 20001 1 17
J 7 7 6 20001 7 20001 20001 1 18
J 7 7 6 20001 7 20001 20001 1 19
J 7 7 6 20001 7 20001 20001 1 1A
J 7 7 6 20001 7 20001 20001 1 1C
J 7 7 6 20001 7 20001 20001 1 1D
J 7 7 6 20001 7 20001 20001 1 1E
J 7 7 6 20001 7 20001 20001 1 20002
J 7 7 6 20001 7 20001 20001 1 20003
J 7 7 6 20001 7 20001 20001 1 20006
J 7 7 6 20001 7 20001 20001 1 20009
J 7 7 6 20001 7 20001 20001 1 2000B
J 7 7 6 20001 7 20001 20001 1 2000C
J 7 7 6 20001 7 20001 20001 1 2000E
J 7 7 6 20001 7 20001 20001 1 20010
J 7 7 6 20001 7 20001 20001 1 20013
J 7 7 6 20001 7 20001 20001 1 20014
J 7 7 6 20001 7 20001 20001 1 20015
J 7 7 6 20001 7 20001 20001 1 20017
J 7 7 6 20001 7 20001 20001 1 20018
J 7 7 6 20001 7 20001 20001 1 20019
J 7 7 6 20001 7 20001 20001 1 2001A
J 7 7 6 20001 7 20001 20001 1 2001C
J 7 7 6 20001 7 20001 20001 1 2001D
J 7 7 6 20001 7 20001 20001 1 2001E
J 7 7 6 20001 7 2000A 20006 1 8
J 7 7 6 20001 7 2000A 20006 1 A
J 7 7 6 20001 7 2000A 20006 1 D
J 7 7 6 20001 7 2000A 20006 1 E
J 7 7 6 20001 7 2000A 20006 1 F
J 7 7 6 20001 7 2000A 20006 1 10
J 7 7 6 20001 7 2000A 20006 1 12
J 7 7 6 20001 7 2000A 20006 1 14
J 7 7 6 20001 7 2000A 20006 1 16
J 7 7 6 20001 7 2000A 20006 1 18
J 7 7 6 20001 7 2000A 20006 1 1B
J 7 7 6 20001 7 2000A 20006 1 1D
J 7 7 6 20001 7 2000A 20006 1 1F
J 7 7 6 20001 7 2000A 20006 1 20
J 7 7 6 20001 7 2000A 20006 1 21
J 7 7 8 3 20008 20004 7 A 20001
J 7 7 8 3 20008 20004 7 A 20002
J 7 7 8 3 20008 20004 7 A 20005
J 7 7 8 3 20008 20004 7 A 20008
J 7 7 C 20004 4 8 1B 1F 20056
J 7 7 C 20004 4 8 1B 1F 20058
J 7 7 C 20004 4 8 1B 1F 20059
J 7 7 6 1 40005 10 2001C C 22
J 7 7 6 20001 7 2000A 20006 1 23
J 7 7 6 20001 7 2000A 20006 1 25
J 7 7 6 20001 7 2000A 20006 1 27
J 7 7 6 20001 7 2000A 20006 1 28
J 7 7 6 20001 7 2000A 20006 1 29
J 7 7 6 20001 7 2000A 20006 1 2A
J 7 7 6 20001 7 2000A 20006 1 2B
J 7 7 6 20001 7 2000A 20006 1 2C
J 7 7 6 20001 7 2000A 20006 1 2F
J 7 7 6 20001 7 2000A 20006 1 30
J 7 7 6 20001 7 2000A 20006 1 32
J 7 7 6 20001 7 2000A 20006 1 34
J 7 7 6 20001 7 2000A 20006 1 36
J 7 7 6 20001 7 2000A 20006 1 37
J 7 7 6 20001 7 2000A 20006 1 38
J 7 7 6 20001 7 2000A 20006 1 39
J 7 7 6 20001 7 2000A 20006 1 3A
J 7 7 6 20001 7 2000A 20006 1 3D
J 7 7 6 20001 7 2000A 20006 1 3E
J 7 7 6 20001 7 2000A 20006 1 3F
J 7 7 6 20001 7 2000A 20006 1 40
J 7 7 6 20001 7 2000A 20006 1 20002
J 7 7 6 20001 7 2000A 20006 1 20006
J 7 7 6 20001 7 2000A 20006 1 20008
J 7 7 6 20001 7 2000A 20006 1 2000D
J 7 7 6 20001 7 2000A 20006 1 20014
J 7 7 6 20001 7 2000A 20006 1 20016
J 7 7 6 20001 7 2000A 20006 1 2001D
J 7 7 6 20001 7 2000A 20006 1 20025
J 7 7 6 20001 7 2000A 20006 1 20027
J 7 7 6 20001 7 2000A 20006 1 20028
J 7 7 6 20001 7 2000A 20006 1 20029
J 7 7 6 20001 7 2000A 20006 1 2002A
J 7 7 6 20001 7 2000A 20006 1 2002B
J 7 7 6 20001 7 2000A 20006 1 20032
J 7 7 6 20001 7 2000A 20006 1 20037
J 7 7 6 20001 7 2000A 20006 1 2003E
J 7 7 6 20001 7 2000A 20006 1 20040
J 7 7 A 20004 20004 4 2 25 49
J 7 7 A 20004 20004 4 2 25 4A
J 7 7 6 1 40005 10 2001C C 25
J 7 7 6 1 40005 10 2001C C 28
J 7 7 6 1 40005 10 2001C C 2C
J 7 7 6 1 40005 10 2001C C 2D
J 7 7 A 20004 20004 4 2 25 4B
J 7 7 A 20004 20004 4 2 25 4D
J 7 7 A 20004 20004 4 2 25 4E
J 7 7 A 20004 20004 4 2 25 4F
J 7 7 A 20004 20004 4 2 25 50
J 7 7 A 20004 20004 4 2 25 51
J 7 7 A 20004 20004 4 2 25 52
J 7 7 A 20004 20004 4 2 25 53
J 7 7 A 20004 20004 4 2 25 54
J 7 7 A 20004 20004 4 2 25 56
J 7 7 A 20004 20004 4 2 25 57
J 7 7 A 20004 20004 4 2 25 58
J 7 7 A 20004 20004 4 2 25 59
J 7 7 A 20004 20004 4 2 25 20006
J 7 7 A 20004 20004 4 2 25 20011
J 7 7 A 20004 20004 4 2 25 20013
J 7 7 A 20004 20004 4 2 25 20015
J 7 7 A 20004 20004 4 2 25 20016
J 7 7 A 20004 20004 4 2 25 20017
J 7 7 A 20004 20004 4 2 25 20018
J 7 7 A 20004 20004 4 2 25 2001D
J 7 7 A 20004 20004 4 2 25 2001F
J 7 7 A 20004 20004 4 2 25 20020
J 7 7 A 20004 20004 4 2 25 20022
J 7 7 A 20004 20004 4 2 25 20026
J 7 7 A 20004 20004 4 2 25 20028
J 7 7 A 20004 20004 4 2 25 2002A
J 7 7 A 20004 20004 4 2 25 2002C
J 7 7 A 20004 20004 4 2 25 20030
J 7 7 A 20004 20004 4 2 25 20032
J 7 7 A 20004 20004 4 2 25 20035
J 7 7 A 20004 20004 4 2 25 20039
J 7 7 A 20004 20004 4 2 25 2003B
J 7 7 A 20004 20004 4 2 25 2003D
J 7 7 A 20004 20004 4 2 25 20042
J 7 7 A 20004 20004 4 2 25 20044
J 7 7 A 20004 20004 4 2 25 20048
J 7 7 A 20004 20004 4 2 25 20049
J 7 7 A 20004 20004 4 2 25 2004A
J 7 7 A 20004 20004 4 2 25 2004B
J 7 7 6 1 40005 10 2001C C 2E
J 7 7 6 1 40005 10 2001C C 2F
J 7 7 6 1 40005 10 2001C C 30
J 7 7 6 1 40005 10 2001C C 31
J 7 7 A 20004 20004 4 2 25 2004D
J 7 7 A 20004 20004 4 2 25 2004F
J 7 7 A 20004 20004 4 2 25 20051
J 7 7 A 20004 20004 4 2 25 20052
J 7 7 A 20004 20004 4 2 25 20053
J 7 7 A 20004 20004 4 2 25 20054
J 7 7 A 20004 20004 4 2 25 20056
J 7 7 A 20004 20004 4 2 25 20057
J 7 7 A 20004 20004 4 2 25 20058
J 7 7 8 1 20009 20003 3 9 E
J 7 7 8 1 20009 20003 3 9 10
J 7 7 8 1 20009 20003 3 9 12
J 7 7 8 1 20009 20003 3 9 13
J 7 7 8 1 20009 20003 3 9 14
J 7 7 8 1 20009 20003 3 9 15
J 7 7 8 1 20009 20003 3 9 16
J 7 7 8 1 20009 20003 3 9 17
J 7 7 8 1 20009 20003 3 9 19
J 7 7 8 1 20009 20003 3 9 1A
J 7 7 8 1 20009 20003 3 9 1B
J 7 7 8 1 20009 20003 3 9 1C
J 7 7 8 1 20009 20003 3 9 1D
J 7 7 8 1 20009 20003 3 9 1F
J 7 7 8 1 20009 20003 3 9 20
J 7 7 8 1 20009 20003 3 9 21
J 7 7 8 1 20009 20003 3 9 22
J 7 7 8 1 20009 20003 3 9 24
J 7 7 8 1 20009 20003 3 9 25
J 7 7 8 1 20009 20003 3 9 28
J 7 7 8 1 20009 20003 3 9 29
J 7 7 8 1 20009 20003 3 9 2A
J 7 7 8 1 20009 20003 3 9 2B
J 7 7 8 1 20009 20003 3 9 2C
J 7 7 8 1 20009 20003 3 9 2D
J 7 7 8 1 20009 20003 3 9 2E
J 7 7 8 1 20009 20003 3 9 20002
J 7 7 8 1 20009 20003 3 9 20005
J 7 7 8 1 20009 20003 3 9 20008
J 7 7 8 1 20009 20003 3 9 2000A
J 7 7 8 1 20009 20003 3 9 2000D
J 7 7 6 1 40005 10 2001C C 32
J 7 7 6 1 40005 10 2001C C 34
J 7 7 6 1 40005 10 2001C C 35
J 7 7 6 1 40005 10 2001C C 36
J 7 7 8 1 20009 20003 3 9 2000E
J 7 7 8 1 20009 20003 3 9 20010
J 7 7 8 1 20009 20003 3 9 20012
J 7 7 8 1 20009 20003 3 9 20013
J 7 7 8 1 20009 20003 3 9 20015
J 7 7 8 1 20009 20003 3 9 20016
J 7 7 8 1 20009 20003 3 9 20019
J 7 7 8 1 20009 20003 3 9 2001A
J 7 7 8 1 20009 20003 3 9 2001B
J 7 7 8 1 20009 20003 3 9 2001C
J 7 7 8 1 20009 20003 3 9 2001D
J 7 7 8 1 20009 20003 3 9 20020
J 7 7 8 1 20009 20003 3 9 20021
J 7 7 8 1 20009 20003 3 9 20024
J 7 7 8 1 20009 20003 3 9 20025
J 7 7 8 1 20009 20003 3 9 20028
J 7 7 8 1 20009 20003 3 9 2002A
J 7 7 8 1 20009 20003 3 9 2002C
J 7 7 8 1 20009 20003 3 9 2002D
J 7 7 8 1 20009 20003 3 9 2002E
J 7 7 4 20001 4 3 8 40001 20001
J 7 7 4 20001 4 3 8 40001 20003
J 7 7 4 20001 4 3 8 40001 20004
J 7 7 4 20001 4 3 8 40001 20005
J 7 7 4 20001 4 3 8 40001 20007
J 7 7 4 20001 4 3 8 40001 20008
J 7 7 4 20001 4 3 8 40001 20009
J 7 7 4 20001 4 3 8 40001 2000B
J 7 7 4 20001 4 3 8 40001 2000C
J 7 7 4 20001 4 3 8 40001 40001
J 7 7 4 20001 4 3 8 40001 40008
J 7 7 4 20001 4 3 8 40001 40009
J 7 7 4 20001 4 3 20008 20001 1
J 7 7 4 20001 4 3 20008 20001 5
J 7 7 4 20001 4 3 20008 20001 7
J 7 7 4 20001 4 3 20008 20001 A
J 7 7 4 20001 4 3 20008 20001 B
J 7 7 4 20001 4 3 20008 20001 D
J 7 7 4 20001 4 3 20008 20001 E
J 7 7 4 20001 4 3 20008 20001 F
J 7 7 6 1 40005 10 2001C C 39
J 7 7 6 1 40005 10 2001C C 3B
J 7 7 6 1 40005 10 2001C C 3D
J 7 7 6 1 40005 10 2001C C 40
J 7 7 4 20001 4 3 20008 20001 10
J 7 7 4 20001 4 3 20008 20001 13
J 7 7 4 20001 4 3 20008 20001 14
J 7 7 4 20001 4 3 20008 20001 17
J 7 7 4 20001 4 3 20008 20001 19
J 7 7 4 20001 4 3 20008 20001 1A
J 7 7 4 20001 4 3 20008 20001 1B
J 7 7 4 20001 4 3 20008 20001 1C
J 7 7 4 20001 4 3 20008 20001 1D
J 7 7 4 20001 4 3 20008 20001 1E
J 7 7 4 20001 4 3 20008 20001 20
J 7 7 4 20001 4 3 20008 20001 21
J 7 7 4 20001 4 3 20008 20001 22
J 7 7 4 20001 4 3 20008 20001 23
J 7 7 4 20001 4 3 20008 20001 20001
J 7 7 4 20001 4 3 20008 20001 20005
J 7 7 4 20001 4 3 20008 20001 20007
J 7 7 4 20001 4 3 20008 20001 2000A
J 7 7 4 20001 4 3 20008 20001 2000B
J 7 7 4 20001 4 3 20008 20001 2000D
J 7 7 4 20001 4 3 20008 20001 2000E
J 7 7 4 20001 4 3 20008 20001 2000F
J 7 7 4 20001 4 3 20008 20001 20010
J 7 7 4 20001 4 3 20008 20001 20013
J 7 7 4 20001 4 3 20008 20001 20014
J 7 7 4 20001 4 3 20008 20001 20017
J 7 7 4 20001 4 3 20008 20001 20019
J 7 7 4 20001 4 3 20008 20001 2001A
J 7 7 4 20001 4 3 20008 20001 2001B
J 7 7 4 20001 4 3 20008 20001 2001C
J 7 7 4 20001 4 3 20008 20001 2001D
J 7 7 4 20001 4 3 20008 20001 2001E
J 7 7 4 20001 4 3 20008 20001 20020
J 7 7 4 20001 4 3 20008 20001 20022
J 7 7 4 20001 4 3 20008 20001 20023
J 7 7 4 20001 4 3 20008 20001 40005
J 7 7 4 20001 4 3 20008 20001 4000D
J 7 7 4 20001 4 3 20008 20001 4000E
J 7 7 4 20001 4 3 20008 20001 4000F
J 7 7 4 20001 4 3 20008 20001 40013
J 7 7 6 1 40005 20002 2 A 23
J 7 7 6 1 40005 20002 2 A 24
J 7 7 6 1 40005 20002 2 A 25
J 7 7 6 1 40005 20002 2 A 26
J 7 7 4 20001 4 3 20008 20001 40014
J 7 7 4 20001 4 3 20008 20001 40019
J 7 7 4 20001 4 3 20008 20001 4001A
J 7 7 4 20001 4 3 20008 20001 4001C
J 7 7 4 20001 4 3 20008 20001 4001D
J 7 7 4 20001 4 3 20008 20001 4001E
J 7 7 4 20001 4 3 20008 20001 40020
J 7 7 4 20001 4 3 20008 20001 40022
J 7 7 4 20001 4 3 20008 20001 40023
J 7 7 4 20001 4 3 20008 40001 1
J 7 7 4 20001 4 3 20008 40001 5
J 7 7 4 20001 4 3 20008 40001 7
J 7 7 4 20001 4 3 20008 40001 8
J 7 7 4 20001 4 3 20008 40001 9
J 7 7 4 20001 4 3 20008 40001 C
J 7 7 4 20001 4 3 20008 40001 D
J 7 7 4 20001 4 3 20008 40001 F
J 7 7 4 20001 4 3 20008 40001 10
J 7 7 4 20001 4 3 20008 40001 11
J 7 7 4 20001 4 3 20008 40001 12
J 7 7 4 20001 4 3 20008 40001 13
J 7 7 4 20001 4 3 20008 40001 14
J 7 7 4 20001 4 3 20008 40001 17
J 7 7 4 20001 4 3 20008 40001 18
J 7 7 4 20001 4 3 20008 40001 19
J 7 7 4 20001 4 3 20008 40001 1A
J 7 7 4 20001 4 3 20008 40001 1D
J 7 7 4 20001 4 3 20008 40001 1F
J 7 7 4 20001 4 3 20008 40001 20
J 7 7 4 20001 4 3 20008 40001 21
J 7 7 4 20001 4 3 20008 40001 22
J 7 7 4 20001 4 3 20008 40001 23
J 7 7 4 20001 4 3 20008 40001 24
J 7 7 4 20001 4 3 20008 40001 25
J 7 7 4 20001 4 3 20008 40001 26
J 7 7 4 20001 4 3 20008 40001 27
J 7 7 4 20001 4 3 20008 40001 28
J 7 7 4 20001 4 3 20008 40001 2A
J 7 7 4 20001 4 3 20008 40001 2B
J 7 7 4 20001 4 3 20008 40001 2C
J 7 7 6 1 40005 20002 2 A 27
J 7 7 6 1 40005 20002 2 A 28
J 7 7 6 1 40005 20002 2 A 29
J 7 7 6 1 40005 20002 2 A 2B
J 7 7 4 20001 4 3 20008 40001 2D
J 7 7 4 20001 4 3 20008 40001 2E
J 7 7 4 20001 4 3 20008 40001 2F
J 7 7 4 20001 4 3 20008 40001 30
J 7 7 4 20001 4 3 20008 40001 31
J 7 7 4 20001 4 3 20008 40001 33
J 7 7 4 20001 4 3 20008 40001 34
J 7 7 4 20001 4 3 20008 40001 36
J 7 7 4 20001 4 3 20008 40001 20001
J 7 7 4 20001 4 3 20008 40001 20005
J 7 7 4 20001 4 3 20008 40001 20008
J 7 7 4 20001 4 3 20008 40001 2000F
J 7 7 4 20001 4 3 20008 40001 20010
J 7 7 4 20001 4 3 20008 40001 20011
J 7 7 4 20001 4 3 20008 40001 20012
J 7 7 4 20001 4 3 20008 40001 20013
J 7 7 4 20001 4 3 20008 40001 20014
J 7 7 4 20001 4 3 20008 40001 20017
J 7 7 4 20001 4 3 20008 40001 20018
J 7 7 4 20001 4 3 20008 40001 20019
J 7 7 4 20001 4 3 20008 40001 2001F
J 7 7 4 20001 4 3 20008 40001 20020
J 7 7 4 20001 4 3 20008 40001 20021
J 7 7 4 20001 4 3 20008 40001 20022
J 7 7 4 20001 4 3 20008 40001 20024
J 7 7 4 20001 4 3 20008 40001 20025
J 7 7 4 20001 4 3 20008 40001 20026
J 7 7 4 20001 4 3 20008 40001 20027
J 7 7 4 20001 4 3 20008 40001 20028
J 7 7 4 20001 4 3 20008 40001 2002A
J 7 7 4 20001 4 3 20008 40001 2002B
J 7 7 4 20001 4 3 20008 40001 2002C
J 7 7 4 20001 4 3 20008 40001 2002E
J 7 7 4 20001 4 3 20008 40001 2002F
J 7 7 4 20001 4 3 20008 40001 20030
J 7 7 4 20001 4 3 20008 40001 20031
J 7 7 4 20001 4 3 40008 1 20007
J 7 7 4 20001 4 3 40008 1 2000A
J 7 7 4 20001 4 3 40008 1 2000B
J 7 7 4 20001 4 3 40008 1 2000D
J 7 7 6 1 40005 20002 2 A 2C
J 7 7 6 1 40005 20002 2 A 2E
J 7 7 6 1 40005 20002 2 A 20003
J 7 7 6 1 40005 20002 2 A 20006
J 7 7 4 20001 4 3 40008 1 2000F
J 7 7 4 20001 4 3 40008 1 20010
J 7 7 4 20001 4 3 40008 1 20013
J 7 7 4 20001 4 3 40008 1 20014
J 7 7 4 20001 4 3 40008 1 20015
J 7 7 4 20001 4 3 40008 1 20017
J 7 7 4 20001 4 3 40008 1 20018
J 7 7 4 20001 4 3 40008 1 20019
J 7 7 4 20001 4 3 40008 1 2001B
J 7 7 4 20001 4 3 40008 1 2001C
J 7 7 4 20001 4 3 40008 1 2001D
J 7 7 4 20001 4 3 40008 1 2001E
J 7 7 4 20001 4 3 40008 1 20020
J 7 7 4 20001 4 3 40008 1 20021
J 7 7 4 20001 4 3 40008 1 20023
J 7 7 4 20001 4 3 40008 1 40005
J 7 7 4 20001 4 3 40008 1 40006
J 7 7 4 20001 4 3 40008 1 40007
J 7 7 4 20001 4 3 40008 1 4000A
J 7 7 4 20001 4 3 40008 1 4000D
J 7 7 4 20001 4 3 40008 1 4000F
J 7 7 4 20001 4 3 40008 1 40010
J 7 7 4 20001 4 3 40008 1 4001C
J 7 7 4 20001 4 3 40008 1 4001E
J 7 7 4 20001 4 3 40008 20001 1
J 7 7 4 20001 4 3 40008 20001 5
J 7 7 4 20001 4 3 40008 20001 6
J 7 7 4 20001 4 3 40008 20001 7
J 7 7 4 20001 4 3 40008 20001 9
J 7 7 4 20001 4 3 40008 20001 C
J 7 7 4 20001 4 3 40008 20001 D
J 7 7 4 20001 4 3 40008 20001 F
J 7 7 4 20001 4 3 40008 20001 11
J 7 7 4 20001 4 3 40008 20001 12
J 7 7 4 20001 4 3 40008 20001 13
J 7 7 4 20001 4 3 40008 20001 14
J 7 7 4 20001 4 3 40008 20001 17
J 7 7 4 20001 4 3 40008 20001 18
J 7 7 4 20001 4 3 40008 20001 19
J 7 7 4 20001 4 3 40008 20001 1A
J 7 7 6 1 40005 20002 2 A 20008
J 7 7 6 1 40005 20002 2 A 2000B
J 7 7 6 1 40005 20002 2 A 2000C
J 7 7 6 1 40005 20002 2 A 2000F
J 7 7 4 20001 4 3 40008 20001 1D
J 7 7 4 20001 4 3 40008 20001 1E
J 7 7 4 20001 4 3 40008 20001 1F
J 7 7 4 20001 4 3 40008 20001 21
J 7 7 4 20001 4 3 40008 20001 22
J 7 7 4 20001 4 3 40008 20001 23
J 7 7 4 20001 4 3 40008 20001 24
J 7 7 4 20001 4 3 40008 20001 25
J 7 7 4 20001 4 3 40008 20001 26
J 7 7 4 20001 4 3 40008 20001 27
J 7 7 4 20001 4 3 40008 20001 28
J 7 7 4 20001 4 3 40008 20001 2A
J 7 7 4 20001 4 3 40008 20001 2B
J 7 7 4 20001 4 3 40008 20001 2C
J 7 7 4 20001 4 3 40008 20001 2F
J 7 7 4 20001 4 3 40008 20001 30
J 7 7 4 20001 4 3 40008 20001 31
J 7 7 4 20001 4 3 40008 20001 33
J 7 7 4 20001 4 3 40008 20001 34
J 7 7 4 20001 4 3 40008 20001 35
J 7 7 4 20001 4 3 40008 20001 36
J 7 7 4 20001 4 3 40008 20001 20001
J 7 7 4 20001 4 3 40008 20001 20005
J 7 7 4 20001 4 3 40008 20001 20006
J 7 7 4 20001 4 3 40008 20001 20007
J 7 7 4 20001 4 3 40008 20001 2000F
J 7 7 4 20001 4 3 40008 20001 20011
J 7 7 4 20001 4 3 40008 20001 20012
J 7 7 4 20001 4 3 40008 20001 20014
J 7 7 4 20001 4 3 40008 20001 20018
J 7 7 4 20001 4 3 40008 20001 2001A
J 7 7 4 20001 4 3 40008 20001 2001E
J 7 7 4 20001 4 3 40008 20001 20021
J 7 7 4 20001 4 3 40008 20001 20022
J 7 7 4 20001 4 3 40008 20001 20024
J 7 7 4 20001 4 3 40008 20001 20026
J 7 7 4 20001 4 3 40008 20001 20027
J 7 7 4 20001 4 3 40008 20001 2002C
J 7 7 4 20001 4 3 40008 20001 20030
J 7 7 4 20001 4 3 40008 20001 20031
J 7 7 6 1 40005 20002 2 A 20013
J 7 7 6 1 40005 20002 2 A 20014
J 7 7 6 1 40005 20002 2 A 20016
J 7 7 6 1 40005 20002 2 A 20019
J 7 7 4 20001 4 3 40008 20001 20033
J 7 7 4 20001 4 3 40008 20001 20034
J 7 7 4 20001 4 3 40008 20001 20035
J 7 7 4 20001 4 3 40008 20001 20036
J 7 7 8 3 20006 20004 4 C 20
J 7 7 8 3 20006 20004 4 C 21
J 7 7 8 3 20006 20004 4 C 22
J 7 7 8 3 20006 20004 4 C 24
J 7 7 8 3 20006 20004 4 C 25
J 7 7 8 3 20006 20004 4 C 28
J 7 7 8 3 20006 20004 4 C 29
J 7 7 8 3 20006 20004 4 C 2A
J 7 7 8 3 20006 20004 4 C 2B
J 7 7 8 3 20006 20004 4 C 2C
J 7 7 8 3 20006 20004 4 C 2D
J 7 7 8 3 20006 20004 4 C 2E
J 7 7 8 3 20006 20004 4 C 20002
J 7 7 8 3 20006 20004 4 C 20008
J 7 7 8 3 20006 20004 4 C 2000A
J 7 7 8 3 20006 20004 4 C 2000D
J 7 7 8 3 20006 20004 4 C 2000E
J 7 7 8 3 20006 20004 4 C 20012
J 7 7 8 3 20006 20004 4 C 20015
J 7 7 8 3 20006 20004 4 C 20019
J 7 7 8 3 20006 20004 4 C 2001A
J 7 7 8 3 20006 20004 4 C 2001B
J 7 7 8 3 20006 20004 4 C 2001C
J 7 7 8 3 20006 20004 4 C 20020
J 7 7 8 3 20006 20004 4 C 20021
J 7 7 8 3 20006 20004 4 C 20024
J 7 7 8 3 20006 20004 4 C 20025
J 7 7 8 3 20006 20004 4 C 20028
J 7 7 8 3 20006 20004 4 C 20029
J 7 7 8 3 20006 20004 4 C 2002A
J 7 7 8 3 20006 20004 4 C 2002C
J 7 7 8 3 20006 20004 4 C 2002D
J 7 7 8 3 20006 20004 4 C 2002E
J 7 7 8 3 20008 20004 7 A 2000A
J 7 7 8 3 20008 20004 7 A 2000C
J 7 7 8 3 20008 20004 7 A 2000D
J 7 7 8 3 20008 20004 7 A 20010
J 7 7 6 1 40005 20002 2 A 2001B
J 7 7 6 1 40005 20002 2 A 2001F
J 7 7 6 1 40005 20002 2 A 20020
J 7 7 6 1 40005 20002 2 A 20021
J 7 7 6 1 40005 20002 2 A 20022
J 7 7 6 1 40005 20002 2 A 20023
J 7 7 6 1 40005 20002 2 A 20025
J 7 7 6 1 40005 20002 2 A 20026
J 7 7 6 1 40005 20002 2 A 20027
J 7 7 6 1 40005 20002 2 A 20028
J 7 7 6 1 40005 20002 2 A 20029
J 7 7 4 20001 4 20001 20001 1 20005
J 7 7 4 20001 4 20001 20001 1 20007
J 7 7 4 20001 4 20001 20001 1 20008
J 7 7 4 20001 4 20001 20001 1 40003
J 7 7 4 20001 4 20001 20001 1 40005
J 7 7 4 20001 4 20001 20001 1 40007
J 7 7 4 20001 4 20001 20001 1 40008
J 7 7 6 1 40005 2000A C 2 11
J 7 7 6 1 40005 2000A C 2 12
J 7 7 6 1 40005 2000A C 2 14
J 7 7 6 1 40005 2000A C 2 16
J 7 7 6 1 40005 2000A C 2 17
J 7 7 6 1 40005 2000A C 2 18
J 7 7 6 1 40005 2000A C 2 19
J 7 7 6 1 40005 2000A C 2 1A
J 7 7 6 1 40005 2000A C 2 1B
J 7 7 6 1 40005 2000A C 2 1C
J 7 7 6 1 40005 2000A C 2 1D
J 7 7 6 1 40005 2000A C 2 1F
J 7 7 6 1 40005 2000A C 2 20
J 7 7 6 1 40005 2000A C 2 21
J 7 7 6 1 40005 2000A C 2 22
J 7 7 6 1 40005 2000A C 2 24
J 7 7 6 1 40005 2000A C 2 27
J 7 7 6 1 40005 2000A C 2 28
J 7 7 6 1 40005 2000A C 2 29
J 7 7 6 1 40005 2000A C 2 2A
J 7 7 6 1 40005 2000A C 2 2B
J 7 7 6 1 40005 2000A C 2 2C
J 7 7 8 3 20008 20004 7 A 20012
J 7 7 8 3 20008 20004 7 A 20013
J 7 7 8 3 20008 20004 7 A 20014
J 7 7 8 3 20008 20004 7 A 20015
J 7 7 6 1 40005 2000A C 2 2D
J 7 7 6 1 40005 2000A C 2 2E
J 7 7 6 1 40005 2000A C 2 2F
J 7 7 6 1 40005 2000A C 2 30
J 7 7 6 1 40005 2000A C 2 31
J 7 7 6 1 40005 2000A C 2 32
J 7 7 6 1 40005 2000A C 2 34
J 7 7 6 1 40005 2000A C 2 35
J 7 7 6 1 40005 2000A C 2 36
J 7 7 6 1 40005 2000A C 2 37
J 7 7 6 1 40005 2000A C 2 39
J 7 7 6 1 40005 2000A C 2 3A
J 7 7 6 1 40005 2000A C 2 3B
J 7 7 6 1 40005 2000A C 2 3D
J 7 7 6 1 40005 2000A C 2 3E
J 7 7 6 1 40005 2000A C 2 3F
J 7 7 6 1 40005 2000A C 2 40
J 7 7 6 1 40005 2000A C 2 20003
J 7 7 6 1 40005 2000A C 2 20005
J 7 7 6 1 40005 2000A C 2 20006
J 7 7 6 1 40005 2000A C 2 20007
J 7 7 6 1 40005 2000A C 2 20008
J 7 7 6 1 40005 2000A C 2 20009
J 7 7 6 1 40005 2000A C 2 2000A
J 7 7 6 1 40005 2000A C 2 2000D
J 7 7 6 1 40005 2000A C 2 20011
J 7 7 6 1 40005 2000A C 2 20014
J 7 7 6 1 40005 2000A C 2 20017
J 7 7 6 1 40005 2000A C 2 20018
J 7 7 6 1 40005 2000A C 2 20019
J 7 7 6 1 40005 2000A C 2 2001A
J 7 7 6 1 40005 2000A C 2 2001B
J 7 7 6 1 40005 2000A C 2 2001C
J 7 7 6 1 40005 2000A C 2 2001D
J 7 7 6 1 40005 2000A C 2 2001F
J 7 7 6 1 40005 2000A C 2 20021
J 7 7 6 1 40005 2000A C 2 20024
J 7 7 6 1 40005 2000A C 2 20027
J 7 7 6 1 40005 2000A C 2 20028
J 7 7 6 1 40005 2000A C 2 20029
J 7 7 8 3 20008 20004 7 A 20016
J 7 7 8 3 20008 20004 7 A 20017
J 7 7 8 3 20008 20004 7 A 20018
J 7 7 8 3 20008 20004 7 A 20019
J 7 7 6 1 40005 2000A C 2 2002A
J 7 7 6 1 40005 2000A C 2 2002B
J 7 7 6 1 40005 2000A C 2 2002C
J 7 7 6 1 40005 2000A C 2 2002D
J 7 7 6 1 40005 2000A C 2 2002E
J 7 7 6 1 40005 2000A C 2 2002F
J 7 7 6 1 40005 2000A C 2 20030
J 7 7 6 1 40005 2000A C 2 20031
J 7 7 6 1 40005 2000A C 2 20032
J 7 7 6 1 40005 2000A C 2 20036
J 7 7 6 1 40005 2000A C 2 20037
J 7 7 6 1 40005 2000A C 2 2003A
J 7 7 6 1 40005 2000A C 2 2003B
J 7 7 6 1 40005 2000A C 2 2003D
J 7 7 6 1 40005 2000A C 2 2003E
J 7 7 6 1 40005 2000A C 2 2003F
J 7 7 6 1 40005 2000A C 2 20040
J 7 7 4 20001 4 20003 2000C 20001 3
J 7 7 4 20001 4 20003 2000C 20001 5
J 7 7 4 20001 4 20003 2000C 20001 7
J 7 7 4 20001 4 20003 2000C 20001 9
J 7 7 4 20001 4 20003 2000C 20001 B
J 7 7 4 20001 4 20003 2000C 20001 D
J 7 7 4 20001 4 20003 2000C 20001 E
J 7 7 4 20001 4 20003 2000C 20001 10
J 7 7 4 20001 4 20003 2000C 20001 11
J 7 7 4 20001 4 20003 2000C 20001 12
J 7 7 4 20001 4 20003 2000C 20001 14
J 7 7 4 20001 4 20003 2000C 20001 15
J 7 7 4 20001 4 20003 2000C 20001 17
J 7 7 4 20001 4 20003 2000C 20001 18
J 7 7 4 20001 4 20003 2000C 20001 1A
J 7 7 4 20001 4 20003 2000C 20001 1B
J 7 7 4 20001 4 20003 2000C 20001 1C
J 7 7 4 20001 4 20003 2000C 20001 1D
J 7 7 4 20001 4 20003 2000C 20001 20001
J 7 7 4 20001 4 20003 2000C 20001 20003
J 7 7 4 20001 4 20003 2000C 20001 20007
J 7 7 4 20001 4 20003 2000C 20001 2000D
J 7 7 4 20001 4 20003 2000C 20001 2000E
J 7 7 8 3 20008 20004 7 A 2001B
J 7 7 8 3 20008 20004 7 A 2001C
J 7 7 8 3 20008 20004 7 A 2001D
J 7 7 8 3 20008 20004 7 A 2001E
J 7 7 4 20001 4 20003 2000C 20001 20011
J 7 7 4 20001 4 20003 2000C 20001 20014
J 7 7 4 20001 4 20003 2000C 20001 20015
J 7 7 4 20001 4 20003 2000C 20001 20018
J 7 7 4 20001 4 20003 2000C 20001 2001A
J 7 7 4 20001 4 20003 2000C 20001 2001B
J 7 7 4 20001 4 20003 2000C 20001 2001C
J 7 7 4 20001 20004 3 2000B 20001 11
J 7 7 4 20001 20004 3 2000B 20001 12
J 7 7 4 20001 20004 3 2000B 20001 13
J 7 7 4 20001 20004 3 2000B 20001 15
J 7 7 4 20001 20004 3 2000B 20001 17
J 7 7 4 20001 20004 3 2000B 20001 18
J 7 7 4 20001 20004 3 2000B 20001 1C
J 7 7 4 20001 20004 3 2000B 20001 1E
J 7 7 4 20001 20004 3 2000B 20001 1F
J 7 7 4 20001 20004 3 2000B 20001 21
J 7 7 4 20001 20004 3 2000B 20001 22
J 7 7 4 20001 20004 3 2000B 20001 23
J 7 7 4 20001 20004 3 2000B 20001 24
J 7 7 4 20001 20004 3 2000B 20001 26
J 7 7 4 20001 20004 3 2000B 20001 27
J 7 7 4 20001 20004 3 2000B 20001 28
J 7 7 4 20001 20004 3 2000B 20001 29
J 7 7 4 20001 20004 3 2000B 20001 2B
J 7 7 4 20001 20004 3 2000B 20001 2D
J 7 7 4 20001 20004 3 2000B 20001 2E
J 7 7 4 20001 20004 3 2000B 20001 20001
J 7 7 4 20001 20004 3 2000B 20001 20006
J 7 7 4 20001 20004 3 2000B 20001 20010
J 7 7 4 20001 20004 3 2000B 20001 20011
J 7 7 4 20001 20004 3 2000B 20001 20013
J 7 7 4 20001 20004 3 2000B 20001 20015
J 7 7 4 20001 20004 3 2000B 20001 20018
J 7 7 4 20001 20004 3 2000B 20001 2001E
J 7 7 4 20001 20004 3 2000B 20001 20022
J 7 7 4 20001 20004 3 2000B 20001 20023
J 7 7 4 20001 20004 3 2000B 20001 20027
J 7 7 4 20001 20004 3 2000B 20001 20028
J 7 7 4 20001 20004 3 2000B 20001 2002B
J 7 7 8 3 20008 20004 7 A 2001F
J 7 7 8 3 20008 20004 7 A 20020
J 7 7 8 3 20008 20004 7 A 20022
J 7 7 8 3 20008 20004 7 A 20023
J 7 7 4 20001 20004 3 2000B 20001 2002D
J 7 7 4 20001 20004 3 2000B 20001 2002E
J 7 7 C 20004 4 2 3B 2A 20054
J 7 7 C 20004 4 2 3B 2A 20056
J 7 7 C 20004 4 2 3B 2A 20058
J 7 7 C 20004 4 2 3B 2A 20059
J 7 7 A 1 2000B 20003 3 D 30
J 7 7 A 1 2000B 20003 3 D 32
J 7 7 A 1 2000B 20003 3 D 33
J 7 7 A 1 2000B 20003 3 D 35
J 7 7 A 1 2000B 20003 3 D 38
J 7 7 A 1 2000B 20003 3 D 39
J 7 7 A 1 2000B 20003 3 D 3A
J 7 7 A 1 2000B 20003 3 D 3B
J 7 7 A 1 2000B 20003 3 D 3D
J 7 7 A 1 2000B 20003 3 D 40
J 7 7 A 1 2000B 20003 3 D 42
J 7 7 A 1 2000B 20003 3 D 44
J 7 7 A 1 2000B 20003 3 D 47
J 7 7 A 1 2000B 20003 3 D 48
J 7 7 A 1 2000B 20003 3 D 49
J 7 7 A 1 2000B 20003 3 D 4A
J 7 7 A 1 2000B 20003 3 D 4B
J 7 7 A 1 2000B 20003 3 D 4D
J 7 7 A 1 2000B 20003 3 D 4F
J 7 7 A 1 2000B 20003 3 D 50
J 7 7 A 1 2000B 20003 3 D 51
J 7 7 A 1 2000B 20003 3 D 52
J 7 7 A 1 2000B 20003 3 D 53
J 7 7 A 1 2000B 20003 3 D 54
J 7 7 A 1 2000B 20003 3 D 56
J 7 7 A 1 2000B 20003 3 D 57
J 7 7 A 1 2000B 20003 3 D 58
J 7 7 4 40001 6 5 2000C 20001 12
J 7 7 4 40001 6 5 2000C 20001 13
J 7 7 4 40001 6 5 2000C 20001 14
J 7 7 4 40001 6 5 2000C 20001 15
J 7 7 4 40001 6 5 2000C 20001 16
J 7 7 4 40001 6 5 2000C 20001 19
J 7 7 4 40001 6 5 2000C 20001 1A
J 7 7 8 3 20008 20004 7 A 20024
J 7 7 8 3 20008 20004 7 A 20027
J 7 7 8 3 20008 20004 7 A 20029
J 7 7 8 3 20008 20004 7 A 2002B
J 7 7 4 40001 6 5 2000C 20001 1D
J 7 7 4 40001 6 5 2000C 20001 1E
J 7 7 4 40001 6 5 2000C 20001 1F
J 7 7 4 40001 6 5 2000C 20001 21
J 7 7 4 40001 6 5 2000C 20001 22
J 7 7 4 40001 6 5 2000C 20001 24
J 7 7 4 40001 6 5 2000C 20001 25
J 7 7 4 40001 6 5 2000C 20001 26
J 7 7 4 40001 6 5 2000C 20001 27
J 7 7 4 40001 6 5 2000C 20001 28
J 7 7 4 40001 6 5 2000C 20001 2A
J 7 7 4 40001 6 5 2000C 20001 2B
J 7 7 4 40001 6 5 2000C 20001 2C
J 7 7 4 40001 6 5 2000C 20001 2D
J 7 7 4 40001 6 5 2000C 20001 2F
J 7 7 4 40001 6 5 2000C 20001 30
J 7 7 4 40001 6 5 2000C 20001 31
J 7 7 4 40001 6 5 2000C 20001 33
J 7 7 4 40001 6 5 2000C 20001 35
J 7 7 4 40001 6 5 2000C 20001 36
J 7 7 4 40001 6 5 2000C 20001 20001
J 7 7 4 40001 6 5 2000C 20001 20004
J 7 7 4 40001 6 5 2000C 20001 20007
J 7 7 4 40001 6 5 2000C 20001 20011
J 7 7 4 40001 6 5 2000C 20001 20012
J 7 7 4 40001 6 5 2000C 20001 20014
J 7 7 4 40001 6 5 2000C 20001 20015
J 7 7 4 40001 6 5 2000C 20001 20016
J 7 7 4 40001 6 5 2000C 20001 2001A
J 7 7 4 40001 6 5 2000C 20001 20021
J 7 7 4 40001 6 5 2000C 20001 20022
J 7 7 4 40001 6 5 2000C 20001 20026
J 7 7 4 40001 6 5 2000C 20001 20027
J 7 7 4 40001 6 5 2000C 20001 2002B
J 7 7 4 40001 6 5 2000C 20001 2002C
J 7 7 4 40001 6 5 2000C 20001 2002D
J 7 7 4 40001 6 5 2000C 20001 2002F
J 7 7 4 40001 6 5 2000C 20001 20030
J 7 7 4 40001 6 5 2000C 20001 20033
J 7 7 4 40001 6 5 2000C 20001 20035
J 7 7 8 3 20008 20004 7 A 2002C
J 7 7 8 3 20008 20004 7 A 2002D
J 7 7 6 1 40005 A 2000F 7 14
J 7 7 6 1 40005 A 2000F 7 19
J 7 7 4 40001 6 5 2000C 20001 20036
J 7 7 4 40001 6 5 2000E 20001 1E
J 7 7 4 40001 6 5 2000E 20001 20001
J 7 7 4 40001 6 5 2000E 20001 20004
J 7 7 4 40001 6 5 2000E 20001 20007
J 7 7 4 40001 6 5 2000E 20001 2000F
J 7 7 4 40001 6 5 2000E 20001 20016
J 7 7 4 40001 6 5 2000E 20001 2001D
J 7 7 4 40001 6 5 2000E 20001 2001E
J 7 7 4 40001 6 20001 1 9 20018
J 7 7 4 40001 6 20001 1 9 20019
J 7 7 4 40001 6 20001 1 9 2001A
J 7 7 4 40001 6 20001 1 9 2001B
J 7 7 4 40001 6 20001 1 9 2001F
J 7 7 4 40001 6 20001 1 9 20020
J 7 7 4 40001 6 20001 1 9 20021
J 7 7 4 40001 6 20001 1 9 20022
J 7 7 4 40001 6 20001 1 9 20024
J 7 7 4 40001 6 20001 1 9 20025
J 7 7 4 40001 6 20001 1 9 20026
J 7 7 4 40001 6 20001 1 9 20028
J 7 7 4 40001 6 20001 1 9 20029
J 7 7 4 40001 6 20001 1 9 2002A
J 7 7 4 40001 6 20001 1 9 2002B
J 7 7 4 40001 6 20001 1 9 40005
J 7 7 4 40001 6 20001 1 9 40008
J 7 7 4 40001 6 20001 1 9 4000C
J 7 7 4 40001 6 20001 1 9 4000D
J 7 7 4 40001 6 20001 1 9 4000E
J 7 7 4 40001 6 20001 1 9 4000F
J 7 7 4 40001 6 20001 1 9 40010
J 7 7 4 40001 6 20001 1 9 40012
J 7 7 4 40001 6 20001 1 9 40014
J 7 7 4 40001 6 20001 1 9 40016
J 7 7 4 40001 6 20001 1 9 40018
J 7 7 4 40001 6 20001 1 9 40019
J 7 7 4 40001 6 20001 1 9 4001A
J 7 7 4 40001 6 20001 1 9 4001B
J 7 7 4 40001 6 20001 1 9 40021
J 7 7 4 40001 6 20001 1 9 40022
