:GaO_`_`o_CwDAwn
--p=19	n=8
S 3 11 4 20001 4 3 8 20001 1 5 8 17 8
:GaO_`_`o_EARa?^
--p=19	n=8
S 3 12 4 20001 4 3 8 20001 3 9 1 3 6 B
:GaO_`_`o_EARa@N
--p=19	n=8
S 3 12 4 20001 4 3 8 20001 3 9 1 3 6 B
:GaO_`_`o_EAP]GN
--p=19	n=8
S 3 12 4 20001 4 3 8 20001 3 9 1 3 6 B
:GaO_`_`o_CwDAwn
--p=19	n=8
S 4 11 4 20001 4 3 8 20001 1 5 8 17 8
:GaO_`_`o_EARa?^
--p=19	n=8
S 4 12 4 20001 4 3 8 20001 3 9 1 3 6 B
:GaO_`_`o_EARa@N
--p=19	n=8
S 4 12 4 20001 4 3 8 20001 3 9 1 3 6 B
:GaO_`_`o_EAP]GN
--p=19	n=8
S 4 12 4 20001 4 3 8 20001 3 9 1 3 6 B
:GaO_`_`o_E_O]ON
--p=19	n=8
S 6 12 4 20001 4 3 20008 1 C 8 5 6 17 8
:GaO_`_`o_M_CsxN
--p=19	n=8
S 6 11 4 20001 4 3 20008 1 C 8 5 A E
