J 13 13 9 10002 10002 10004 2 4 1C 6 1E 2B 39 40 1
J 13 13 9 10002 10002 10004 2 4 1C 6 1E 2B 39 40 C
J 13 13 9 10002 10002 10004 2 4 1C 6 1E 2B 39 40 16
J 13 13 8 20003 10003 10003 3 1 14 4 15 1A 31 2F 3E
J 13 13 7 20002 20002 10002 2 3 8 B 7 29 11 3E 9
J 13 13 7 20002 20002 10002 2 3 8 B 7 29 11 3E 10
J 13 13 7 20002 20002 10002 2 3 8 B 7 29 11 3E 12
J 13 13 7 20002 20002 10002 2 3 8 B 7 29 11 3E 13
J 13 13 7 20002 20002 10002 2 3 8 B 7 29 11 3E 17
J 13 13 7 20002 20002 10002 2 3 8 B 7 29 11 3E 18
J 13 13 7 20002 20002 10002 2 3 8 B 7 29 11 3E 19
J 13 13 7 20002 20002 10002 2 3 8 B 7 29 11 3E 1B
J 13 13 7 20002 20002 10002 2 3 8 B 7 29 11 3E 1C
J 13 13 7 20002 20002 10002 2 3 8 B 7 29 11 3E 1D
J 13 13 8 20003 10003 10003 3 1 14 4 15 1A 31 30 F
J 13 13 7 20002 20002 10002 2 3 8 B 7 29 11 3E 20
J 13 13 7 20002 20002 10002 2 3 8 B 7 29 11 3E 23
J 13 13 7 20002 20002 10002 2 3 8 B 7 29 11 3E 27
J 13 13 7 20002 20002 10002 2 3 8 B 7 29 11 3E 28
J 13 13 7 20002 20002 10002 2 3 8 B 7 29 11 3E 2A
J 13 13 7 20002 20002 10002 2 3 8 B 7 29 11 3E 2B
J 13 13 7 20002 20002 10002 2 3 8 B 7 29 11 3E 2E
J 13 13 7 20002 20002 10002 2 3 8 B 7 29 11 3E 30
J 13 13 7 20002 20002 10002 2 3 8 B 7 29 11 3E 31
J 13 13 7 20002 20002 10002 2 3 8 B 7 29 11 3E 32
J 13 13 8 20003 10003 10003 3 1 14 4 15 1A 31 30 12
J 13 13 7 20002 20002 10002 2 3 8 B 7 29 11 3E 33
J 13 13 7 20002 20002 10002 2 3 8 B 7 29 11 3E 34
J 13 13 7 20002 20002 10002 2 3 8 B 7 29 11 3E 35
J 13 13 7 20002 20002 10002 2 3 8 B 7 29 11 3E 36
J 13 13 7 20002 20002 10002 2 3 8 B 7 29 11 3E 37
J 13 13 7 20002 20002 10002 2 3 8 B 7 29 11 3E 39
J 13 13 7 20002 20002 10002 2 3 8 B 7 29 11 3E 3A
J 13 13 7 20002 20002 10002 2 3 8 B 7 29 11 3E 3B
J 13 13 7 20002 20002 10002 2 3 8 B 7 29 11 3E 3C
J 13 13 7 20002 20002 10002 2 3 8 B 7 29 11 3E 3D
J 13 13 8 20003 10003 10003 3 1 14 4 15 1A 31 30 20
J 13 13 7 20002 20002 10002 2 3 8 B 7 29 11 3E 40
J 13 13 7 20002 20002 10002 2 3 8 B 7 29 11 3E 41
J 13 13 7 20002 20002 10002 2 3 8 B 7 29 11 40 4
J 13 13 7 20002 20002 10002 2 3 8 B 7 29 11 40 17
J 13 13 7 20002 20002 10002 2 3 8 B 7 29 11 40 1B
J 13 13 7 20002 20002 10002 2 3 8 B 7 29 11 40 1D
J 13 13 7 20002 20002 10002 2 3 8 B 7 29 11 40 2E
J 13 13 7 20002 20002 10002 2 3 8 B 7 29 11 40 30
J 13 13 7 20002 20002 10002 2 3 8 B 7 29 11 40 31
J 13 13 7 20002 20002 10002 2 3 8 B 7 29 11 40 32
J 13 13 8 20003 10003 10003 3 1 14 4 15 1A 31 30 23
J 13 13 7 20002 20002 10002 2 3 8 B 7 29 11 40 33
J 13 13 7 20002 20002 10002 2 3 8 B 7 29 11 40 35
J 13 13 7 20002 20002 10002 2 3 8 B 7 29 11 40 39
J 13 13 7 20002 20002 10002 2 3 8 B 7 29 11 41 4
J 13 13 7 20002 20002 10002 2 3 8 B 7 29 11 41 17
J 13 13 7 20002 20002 10002 2 3 8 B 7 29 11 41 18
J 13 13 7 20002 20002 10002 2 3 8 B 7 29 11 41 19
J 13 13 7 20002 20002 10002 2 3 8 B 7 29 11 41 1B
J 13 13 7 20002 20002 10002 2 3 8 B 7 29 11 41 1C
J 13 13 7 20002 20002 10002 2 3 8 B 7 29 11 41 2E
J 13 13 8 20003 10003 10003 3 1 14 4 15 1A 31 30 34
J 13 13 7 20002 20002 10002 2 3 8 B 7 29 11 41 30
J 13 13 7 20002 20002 10002 2 3 8 B 7 29 11 41 31
J 13 13 7 20002 20002 10002 2 3 8 B 7 29 11 41 32
J 13 13 7 20002 20002 10002 2 3 8 B 7 29 11 41 33
J 13 13 7 20002 20002 10002 2 3 8 B 7 29 11 41 35
J 13 13 7 20002 20002 10002 2 3 8 B 7 29 11 41 36
J 13 13 7 20002 20002 10002 2 3 8 B 7 29 11 41 39
J 13 13 7 20002 20002 10002 2 3 8 B 7 29 11 41 3A
J 13 13 8 20003 10003 10003 3 1 14 4 15 1A 31 30 35
J 13 13 8 20003 10003 10003 3 1 14 4 15 1A 31 30 37
J 13 13 8 20003 10003 10003 3 1 14 4 15 1A 31 30 39
J 13 13 8 20003 10003 10003 3 1 14 4 15 1A 31 30 3F
J 13 13 9 10002 10002 10004 2 4 1C 6 1E 2B 39 40 18
J 13 13 8 20003 10003 10003 3 1 14 4 15 1A 31 30 40
J 13 13 8 20003 10003 10003 3 1 14 4 15 1A 31 32 5
J 13 13 8 20003 10003 10003 3 1 14 4 15 1A 31 32 8
J 13 13 8 20003 10003 10003 3 1 14 4 15 1A 31 32 C
J 13 13 8 20003 10003 10003 3 1 14 4 15 1A 31 32 F
J 13 13 8 20003 10003 10003 3 1 14 4 15 1A 31 32 10
J 13 13 8 20003 10003 10003 3 1 14 4 15 1A 31 32 11
J 13 13 8 20003 10003 10003 3 1 14 4 15 1A 31 32 12
J 13 13 8 20003 10003 10003 3 1 14 4 15 1A 31 32 14
J 13 13 8 20003 10003 10003 3 1 14 4 15 1A 31 32 19
J 13 13 9 10002 10002 10004 2 4 1C 6 1E 2B 39 40 19
J 13 13 8 20003 10003 10003 3 1 14 4 15 1A 31 32 1A
J 13 13 8 20003 10003 10003 3 1 14 4 15 1A 31 32 1B
J 13 13 8 20003 10003 10003 3 1 14 4 15 1A 31 32 20
J 13 13 8 20003 10003 10003 3 1 14 4 15 1A 31 32 21
J 13 13 8 20003 10003 10003 3 1 14 4 15 1A 31 32 22
J 13 13 8 20003 10003 10003 3 1 14 4 15 1A 31 32 23
J 13 13 8 20003 10003 10003 3 1 14 4 15 1A 31 32 25
J 13 13 8 20003 10003 10003 3 1 14 4 15 1A 31 32 28
J 13 13 8 20003 10003 10003 3 1 14 4 15 1A 31 32 29
J 13 13 8 20003 10003 10003 3 1 14 4 15 1A 31 32 34
J 13 13 9 10002 10002 10004 2 4 1C 6 1E 2B 39 40 1A
J 13 13 8 20003 10003 10003 3 1 14 4 15 1A 31 32 35
J 13 13 8 20003 10003 10003 3 1 14 4 15 1A 31 32 37
J 13 13 8 20003 10003 10003 3 1 14 4 15 1A 31 32 38
J 13 13 8 20003 10003 10003 3 1 14 4 15 1A 31 32 39
J 13 13 8 20003 10003 10003 3 1 14 4 15 1A 31 32 3B
J 13 13 8 20003 10003 10003 3 1 14 4 15 1A 31 32 3E
J 13 13 8 20003 10003 10003 3 1 14 4 15 1A 31 32 40
J 13 13 8 20003 10003 10003 3 1 14 4 15 1A 31 32 41
J 13 13 8 20003 10003 10003 3 1 14 4 15 1A 31 34 11
J 13 13 8 20003 10003 10003 3 1 14 4 15 1A 31 34 20
J 13 13 9 10002 10002 10004 2 4 1C 6 1E 2B 39 40 1B
J 13 13 8 20003 10003 10003 3 1 14 4 15 1A 31 34 22
J 13 13 8 20003 10003 10003 3 1 14 4 15 1A 31 34 3E
J 13 13 8 20003 10003 10003 3 1 14 4 15 1A 31 35 12
J 13 13 8 20003 10003 10003 3 1 14 4 15 1A 31 35 23
J 13 13 8 20003 10003 10003 3 1 14 4 15 1A 31 35 40
J 13 13 8 20003 10003 10003 3 1 14 4 15 1A 31 36 E
J 13 13 8 20003 10003 10003 3 1 14 4 15 1A 31 36 1D
J 13 13 8 20003 10003 10003 3 1 14 4 15 1A 31 36 2A
J 13 13 8 20003 10003 10003 3 1 14 4 15 1A 31 36 2B
J 13 13 8 20003 10003 10003 3 1 14 4 15 1A 31 36 2D
J 13 13 9 10002 10002 10004 2 4 1C 6 1E 2B 39 40 1C
J 13 13 8 20003 10003 10003 3 1 14 4 15 1A 31 36 2F
J 13 13 8 20003 10003 10003 3 1 14 4 15 1A 31 36 30
J 13 13 8 20003 10003 10003 3 1 14 4 15 1A 31 36 31
J 13 13 8 20003 10003 10003 3 1 14 4 15 1A 31 37 14
J 13 13 8 20003 10003 10003 3 1 14 4 15 1A 31 37 20
J 13 13 8 20003 10003 10003 3 1 14 4 15 1A 31 37 25
J 13 13 8 20003 10003 10003 3 1 14 4 15 1A 31 37 29
J 13 13 8 20003 10003 10003 3 1 14 4 15 1A 31 37 34
J 13 13 8 20003 10003 10003 3 1 14 4 15 1A 31 37 35
J 13 13 8 20003 10003 10003 3 1 14 4 15 1A 31 37 3E
J 13 13 9 10002 10002 10004 2 4 1C 6 1E 2B 39 40 1D
J 13 13 8 20003 10003 10003 3 1 14 4 15 1A 31 37 40
J 13 13 8 20003 10003 10003 3 1 14 4 15 1A 31 38 C
J 13 13 8 20003 10003 10003 3 1 14 4 15 1A 31 38 F
J 13 13 8 20003 10003 10003 3 1 14 4 15 1A 31 38 11
J 13 13 8 20003 10003 10003 3 1 14 4 15 1A 31 38 12
J 13 13 8 20003 10003 10003 3 1 14 4 15 1A 31 38 20
J 13 13 8 20003 10003 10003 3 1 14 4 15 1A 31 38 22
J 13 13 8 20003 10003 10003 3 1 14 4 15 1A 31 38 23
J 13 13 8 20003 10003 10003 3 1 14 4 15 1A 31 38 25
J 13 13 8 20003 10003 10003 3 1 14 4 15 1A 31 38 35
J 13 13 9 10002 10002 10004 2 4 1C 6 1E 2B 39 40 27
J 13 13 8 20003 10003 10003 3 1 14 4 15 1A 31 38 3E
J 13 13 8 20003 10003 10003 3 1 14 4 15 1A 31 39 F
J 13 13 8 20003 10003 10003 3 1 14 4 15 1A 31 39 10
J 13 13 8 20003 10003 10003 3 1 14 4 15 1A 31 39 12
J 13 13 8 20003 10003 10003 3 1 14 4 15 1A 31 39 20
J 13 13 8 20003 10003 10003 3 1 14 4 15 1A 31 39 23
J 13 13 8 20003 10003 10003 3 1 14 4 15 1A 31 39 34
J 13 13 8 20003 10003 10003 3 1 14 4 15 1A 31 39 3B
J 13 13 8 20003 10003 10003 3 1 14 4 15 1A 31 39 40
J 13 13 8 20003 10003 10003 3 1 14 4 15 1A 31 3A 8
J 13 13 9 10002 10002 10004 2 4 1C 6 1E 2B 39 40 28
J 13 13 8 20003 10003 10003 3 1 14 4 15 1A 31 3A 10
J 13 13 8 20003 10003 10003 3 1 14 4 15 1A 31 3A 12
J 13 13 8 20003 10003 10003 3 1 14 4 15 1A 31 3A 1B
J 13 13 8 20003 10003 10003 3 1 14 4 15 1A 31 3A 21
J 13 13 8 20003 10003 10003 3 1 14 4 15 1A 31 3A 23
J 13 13 8 20003 10003 10003 3 1 14 4 15 1A 31 3A 2F
J 13 13 8 20003 10003 10003 3 1 14 4 15 1A 31 3A 30
J 13 13 8 20003 10003 10003 3 1 14 4 15 1A 31 3A 32
J 13 13 8 20003 10003 10003 3 1 14 4 15 1A 31 3A 34
J 13 13 8 20003 10003 10003 3 1 14 4 15 1A 31 3A 35
J 13 13 9 10002 10002 10004 2 4 1C 6 1E 2B 39 40 29
J 13 13 8 20003 10003 10003 3 1 14 4 15 1A 31 3A 37
J 13 13 8 20003 10003 10003 3 1 14 4 15 1A 31 3A 38
J 13 13 8 20003 10003 10003 3 1 14 4 15 1A 31 3A 39
J 13 13 8 20003 10003 10003 3 1 14 4 15 1A 31 3A 3B
J 13 13 8 20003 10003 10003 3 1 14 4 15 1A 31 3A 3D
J 13 13 8 20003 10003 10003 3 1 14 4 15 1A 31 3A 3E
J 13 13 8 20003 10003 10003 3 1 14 4 15 1A 31 3A 3F
J 13 13 8 20003 10003 10003 3 1 14 4 15 1A 31 3A 40
J 13 13 8 20003 10003 10003 3 1 14 4 15 1A 31 3A 41
J 13 13 8 20003 10003 10003 3 1 14 4 15 1A 31 3B C
J 13 13 9 10002 10002 10004 2 4 1C 6 1E 2B 39 40 D
J 13 13 9 10002 10002 10004 2 4 1C 6 1E 2B 39 40 2B
J 13 13 8 20003 10003 10003 3 1 14 4 15 1A 31 3B F
J 13 13 8 20003 10003 10003 3 1 14 4 15 1A 31 3B 10
J 13 13 8 20003 10003 10003 3 1 14 4 15 1A 31 3B 11
J 13 13 8 20003 10003 10003 3 1 14 4 15 1A 31 3B 12
J 13 13 8 20003 10003 10003 3 1 14 4 15 1A 31 3B 14
J 13 13 8 20003 10003 10003 3 1 14 4 15 1A 31 3B 20
J 13 13 8 20003 10003 10003 3 1 14 4 15 1A 31 3B 22
J 13 13 8 20003 10003 10003 3 1 14 4 15 1A 31 3B 23
J 13 13 8 20003 10003 10003 3 1 14 4 15 1A 31 3B 25
J 13 13 8 20003 10003 10003 3 1 14 4 15 1A 31 3B 2F
J 13 13 9 10002 10002 10004 2 4 1C 6 1E 2B 39 40 2C
J 13 13 8 20003 10003 10003 3 1 14 4 15 1A 31 3B 30
J 13 13 8 20003 10003 10003 3 1 14 4 15 1A 31 3B 34
J 13 13 8 20003 10003 10003 3 1 14 4 15 1A 31 3B 35
J 13 13 8 20003 10003 10003 3 1 14 4 15 1A 31 3B 38
J 13 13 8 20003 10003 10003 3 1 14 4 15 1A 31 3B 3D
J 13 13 8 20003 10003 10003 3 1 14 4 15 1A 31 3B 3E
J 13 13 8 20003 10003 10003 3 1 14 4 15 1A 31 3B 3F
J 13 13 8 20003 10003 10003 3 1 14 4 15 1A 31 3B 40
J 13 13 8 20003 10003 10003 3 1 14 4 15 1A 31 3D 5
J 13 13 8 20003 10003 10003 3 1 14 4 15 1A 31 3D F
J 13 13 9 10002 10002 10004 2 4 1C 6 1E 2B 39 40 34
J 13 13 8 20003 10003 10003 3 1 14 4 15 1A 31 3D 11
J 13 13 8 20003 10003 10003 3 1 14 4 15 1A 31 3D 20
J 13 13 8 20003 10003 10003 3 1 14 4 15 1A 31 3D 22
J 13 13 8 20003 10003 10003 3 1 14 4 15 1A 31 3D 2E
J 13 13 8 20003 10003 10003 3 1 14 4 15 1A 31 3D 32
J 13 13 8 20003 10003 10003 3 1 14 4 15 1A 31 3D 34
J 13 13 8 20003 10003 10003 3 1 14 4 15 1A 31 3D 35
J 13 13 8 20003 10003 10003 3 1 14 4 15 1A 31 3D 37
J 13 13 8 20003 10003 10003 3 1 14 4 15 1A 31 3D 38
J 13 13 8 20003 10003 10003 3 1 14 4 15 1A 31 3D 3E
J 13 13 9 10002 10002 10004 2 4 1C 6 1E 2B 39 40 36
J 13 13 8 20003 10003 10003 3 1 14 4 15 1A 31 3D 40
J 13 13 8 20003 10003 10003 3 1 14 4 15 1A 31 3E C
J 13 13 8 20003 10003 10003 3 1 14 4 15 1A 31 3E F
J 13 13 8 20003 10003 10003 3 1 14 4 15 1A 31 3E 10
J 13 13 8 20003 10003 10003 3 1 14 4 15 1A 31 3E 11
J 13 13 8 20003 10003 10003 3 1 14 4 15 1A 31 3E 12
J 13 13 8 20003 10003 10003 3 1 14 4 15 1A 31 3E 20
J 13 13 8 20003 10003 10003 3 1 14 4 15 1A 31 3E 21
J 13 13 8 20003 10003 10003 3 1 14 4 15 1A 31 3E 23
J 13 13 8 20003 10003 10003 3 1 14 4 15 1A 31 3E 2E
J 13 13 9 10002 10002 10004 2 4 1C 6 1E 2B 39 40 37
J 13 13 8 20003 10003 10003 3 1 14 4 15 1A 31 3E 35
J 13 13 8 20003 10003 10003 3 1 14 4 15 1A 31 3E 36
J 13 13 8 20003 10003 10003 3 1 14 4 15 1A 31 3F 12
J 13 13 8 20003 10003 10003 3 1 14 4 15 1A 31 3F 23
J 13 13 8 20003 10003 10003 3 1 14 4 15 1A 31 3F 2E
J 13 13 8 20003 10003 10003 3 1 14 4 15 1A 31 3F 32
J 13 13 8 20003 10003 10003 3 1 14 4 15 1A 31 3F 34
J 13 13 8 20003 10003 10003 3 1 14 4 15 1A 31 3F 35
J 13 13 8 20003 10003 10003 3 1 14 4 15 1A 31 3F 37
J 13 13 8 20003 10003 10003 3 1 14 4 15 1A 31 3F 39
J 13 13 9 10002 10002 10004 2 4 1C 6 1E 2B 39 40 3A
J 13 13 8 20003 10003 10003 3 1 14 4 15 1A 31 3F 40
J 13 13 8 20003 10003 10003 3 1 14 4 15 1A 31 40 F
J 13 13 8 20003 10003 10003 3 1 14 4 15 1A 31 40 12
J 13 13 8 20003 10003 10003 3 1 14 4 15 1A 31 40 14
J 13 13 8 20003 10003 10003 3 1 14 4 15 1A 31 40 20
J 13 13 8 20003 10003 10003 3 1 14 4 15 1A 31 40 21
J 13 13 8 20003 10003 10003 3 1 14 4 15 1A 31 40 34
J 13 13 8 20003 10003 10003 3 1 14 4 15 1A 31 40 36
J 13 13 8 20003 10003 10003 3 1 14 4 15 1A 31 41 5
J 13 13 8 20003 10003 10003 3 1 14 4 15 1A 31 41 8
J 13 13 9 10002 10002 10004 2 4 1C 6 1E 2B 39 40 3D
J 13 13 8 20003 10003 10003 3 1 14 4 15 1A 31 41 F
J 13 13 8 20003 10003 10003 3 1 14 4 15 1A 31 41 12
J 13 13 8 20003 10003 10003 3 1 14 4 15 1A 31 41 14
J 13 13 8 20003 10003 10003 3 1 14 4 15 1A 31 41 19
J 13 13 8 20003 10003 10003 3 1 14 4 15 1A 31 41 1A
J 13 13 8 20003 10003 10003 3 1 14 4 15 1A 31 41 1B
J 13 13 8 20003 10003 10003 3 1 14 4 15 1A 31 41 20
J 13 13 8 20003 10003 10003 3 1 14 4 15 1A 31 41 23
J 13 13 8 20003 10003 10003 3 1 14 4 15 1A 31 41 25
J 13 13 8 20003 10003 10003 3 1 14 4 15 1A 31 41 29
J 13 13 9 10002 10002 10004 2 4 1C 6 1E 2B 39 40 3E
J 13 13 8 20003 10003 10003 3 1 14 4 15 1A 31 41 2E
J 13 13 8 20003 10003 10003 3 1 14 4 15 1A 31 41 2F
J 13 13 8 20003 10003 10003 3 1 14 4 15 1A 31 41 30
J 13 13 8 20003 10003 10003 3 1 14 4 15 1A 31 41 34
J 13 13 8 20003 10003 10003 3 1 14 4 15 1A 31 41 35
J 13 13 8 20003 10003 10003 3 1 14 4 15 1A 31 41 37
J 13 13 8 20003 10003 10003 3 1 14 4 15 1A 31 41 38
J 13 13 8 20003 10003 10003 3 1 14 4 15 1A 31 41 39
J 13 13 8 20003 10003 10003 3 1 14 4 15 1A 31 41 3B
J 13 13 8 20003 10003 10003 3 1 14 4 15 1A 31 41 3D
J 13 13 9 10002 10002 10004 2 4 1C 6 1E 2B 39 40 41
J 13 13 8 20003 10003 10003 3 1 14 4 15 1A 31 41 3E
J 13 13 8 20003 10003 10003 3 1 14 4 15 1A 31 41 3F
J 13 13 8 20003 10003 10003 3 1 14 4 15 1A 31 41 40
J 13 13 8 20003 10003 10003 3 1 14 8 19 1A 3F 28 E
J 13 13 8 20003 10003 10003 3 1 14 8 19 1A 3F 28 10
J 13 13 8 20003 10003 10003 3 1 14 8 19 1A 3F 28 14
J 13 13 8 20003 10003 10003 3 1 14 8 19 1A 3F 28 19
J 13 13 8 20003 10003 10003 3 1 14 8 19 1A 3F 28 1F
J 13 13 8 20003 10003 10003 3 1 14 8 19 1A 3F 28 21
J 13 13 8 20003 10003 10003 3 1 14 8 19 1A 3F 28 25
J 13 13 9 10002 10002 10004 2 4 1C 6 1E 2B 39 41 D
J 13 13 8 20003 10003 10003 3 1 14 8 19 1A 3F 28 27
J 13 13 8 20003 10003 10003 3 1 14 8 19 1A 3F 28 2E
J 13 13 8 20003 10003 10003 3 1 14 8 19 1A 3F 28 31
J 13 13 8 20003 10003 10003 3 1 14 8 19 1A 3F 28 32
J 13 13 8 20003 10003 10003 3 1 14 8 19 1A 3F 28 37
J 13 13 8 20003 10003 10003 3 1 14 8 19 1A 3F 28 38
J 13 13 8 20003 10003 10003 3 1 14 8 19 1A 3F 28 3A
J 13 13 8 20003 10003 10003 3 1 14 8 19 1A 3F 28 3B
J 13 13 8 20003 10003 10003 3 1 14 8 19 1A 3F 28 3D
J 13 13 8 20003 10003 10003 3 1 14 8 19 1A 3F 28 41
J 13 13 9 10002 10002 10004 2 4 1C 6 1E 2B 39 40 E
J 13 13 9 10002 10002 10004 2 4 1C 6 1E 2B 39 41 F
J 13 13 8 20003 10003 10003 3 1 14 8 19 1A 3F 2E C
J 13 13 8 20003 10003 10003 3 1 14 8 19 1A 3F 2E E
J 13 13 8 20003 10003 10003 3 1 14 8 19 1A 3F 2E 10
J 13 13 8 20003 10003 10003 3 1 14 8 19 1A 3F 2E 1F
J 13 13 8 20003 10003 10003 3 1 14 8 19 1A 3F 2E 20
J 13 13 8 20003 10003 10003 3 1 14 8 19 1A 3F 2E 21
J 13 13 8 20003 10003 10003 3 1 14 8 19 1A 3F 2E 22
J 13 13 8 20003 10003 10003 3 1 14 8 19 1A 3F 2E 23
J 13 13 8 20003 10003 10003 3 1 14 8 19 1A 3F 2E 25
J 13 13 8 20003 10003 10003 3 1 14 8 19 1A 3F 2E 32
J 13 13 9 10002 10002 10004 2 4 1C 6 1E 2B 39 41 10
J 13 13 8 20003 10003 10003 3 1 14 8 19 1A 3F 2E 3B
J 13 13 8 20003 10003 10003 3 1 14 8 19 1A 3F 2F C
J 13 13 8 20003 10003 10003 3 1 14 8 19 1A 3F 2F E
J 13 13 8 20003 10003 10003 3 1 14 8 19 1A 3F 2F 1F
J 13 13 8 20003 10003 10003 3 1 14 8 19 1A 3F 2F 20
J 13 13 8 20003 10003 10003 3 1 14 8 19 1A 3F 2F 21
J 13 13 8 20003 10003 10003 3 1 14 8 19 1A 3F 2F 25
J 13 13 8 20003 10003 10003 3 1 14 8 19 1A 3F 2F 28
J 13 13 8 20003 10003 10003 3 1 14 8 19 1A 3F 2F 2E
J 13 13 8 20003 10003 10003 3 1 14 8 19 1A 3F 2F 32
J 13 13 9 10002 10002 10004 2 4 1C 6 1E 2B 39 41 11
J 13 13 8 20003 10003 10003 3 1 14 8 19 1A 3F 30 E
J 13 13 8 20003 10003 10003 3 1 14 8 19 1A 3F 30 1F
J 13 13 8 20003 10003 10003 3 1 14 8 19 1A 3F 30 20
J 13 13 8 20003 10003 10003 3 1 14 8 19 1A 3F 30 2E
J 13 13 8 20003 10003 10003 3 1 14 8 19 1A 3F 30 2F
J 13 13 8 20003 10003 10003 3 1 14 8 19 1A 3F 30 31
J 13 13 8 20003 10003 10003 3 1 14 8 19 1A 3F 30 32
J 13 13 8 20003 10003 10003 3 1 14 8 19 1A 3F 31 E
J 13 13 8 20003 10003 10003 3 1 14 8 19 1A 3F 31 1F
J 13 13 8 20003 10003 10003 3 1 14 8 19 1A 3F 31 23
J 13 13 9 10002 10002 10004 2 4 1C 6 1E 2B 39 41 13
J 13 13 8 20003 10003 10003 3 1 14 8 19 1A 3F 31 2E
J 13 13 8 20003 10003 10003 3 1 14 8 19 1A 3F 31 2F
J 13 13 8 20003 10003 10003 3 1 14 8 19 1A 3F 31 32
J 13 13 8 20003 10003 10003 3 1 14 8 19 1A 3F 31 39
J 13 13 8 20003 10003 10003 3 1 14 8 19 1A 3F 31 40
J 13 13 8 20003 10003 10003 3 1 14 8 19 1A 3F 32 C
J 13 13 8 20003 10003 10003 3 1 14 8 19 1A 3F 32 E
J 13 13 8 20003 10003 10003 3 1 14 8 19 1A 3F 32 14
J 13 13 8 20003 10003 10003 3 1 14 8 19 1A 3F 32 20
J 13 13 8 20003 10003 10003 3 1 14 8 19 1A 3F 32 21
J 13 13 9 10002 10002 10004 2 4 1C 6 1E 2B 39 41 14
J 13 13 8 20003 10003 10003 3 1 14 8 19 1A 3F 32 22
J 13 13 8 20003 10003 10003 3 1 14 8 19 1A 3F 32 23
J 13 13 8 20003 10003 10003 3 1 14 8 19 1A 3F 32 3B
J 13 13 8 20003 10003 10003 3 1 14 8 19 1A 3F 34 C
J 13 13 8 20003 10003 10003 3 1 14 8 19 1A 3F 34 F
J 13 13 8 20003 10003 10003 3 1 14 8 19 1A 3F 34 20
J 13 13 8 20003 10003 10003 3 1 14 8 19 1A 3F 34 21
J 13 13 8 20003 10003 10003 3 1 14 8 19 1A 3F 34 25
J 13 13 8 20003 10003 10003 3 1 14 8 19 1A 3F 34 37
J 13 13 8 20003 10003 10003 3 1 14 8 19 1A 3F 35 F
J 13 13 9 10002 10002 10004 2 4 1C 6 1E 2B 39 41 16
J 13 13 8 20003 10003 10003 3 1 14 8 19 1A 3F 35 20
J 13 13 8 20003 10003 10003 3 1 14 8 19 1A 3F 35 34
J 13 13 8 20003 10003 10003 3 1 14 8 19 1A 3F 35 36
J 13 13 8 20003 10003 10003 3 1 14 8 19 1A 3F 35 37
J 13 13 8 20003 10003 10003 3 1 14 8 19 1A 3F 36 F
J 13 13 8 20003 10003 10003 3 1 14 8 19 1A 3F 36 20
J 13 13 8 20003 10003 10003 3 1 14 8 19 1A 3F 36 23
J 13 13 8 20003 10003 10003 3 1 14 8 19 1A 3F 36 34
J 13 13 8 20003 10003 10003 3 1 14 8 19 1A 3F 36 37
J 13 13 8 20003 10003 10003 3 1 14 8 19 1A 3F 36 40
J 13 13 9 10002 10002 10004 2 4 1C 6 1E 2B 39 41 17
J 13 13 8 20003 10003 10003 3 1 14 8 19 1A 3F 37 C
J 13 13 8 20003 10003 10003 3 1 14 8 19 1A 3F 37 F
J 13 13 8 20003 10003 10003 3 1 14 8 19 1A 3F 37 21
J 13 13 8 20003 10003 10003 3 1 14 8 19 1A 3F 37 22
J 13 13 8 20003 10003 10003 3 1 14 8 19 1A 3F 38 C
J 13 13 8 20003 10003 10003 3 1 14 8 19 1A 3F 38 E
J 13 13 8 20003 10003 10003 3 1 14 8 19 1A 3F 38 F
J 13 13 8 20003 10003 10003 3 1 14 8 19 1A 3F 38 10
J 13 13 8 20003 10003 10003 3 1 14 8 19 1A 3F 38 11
J 13 13 8 20003 10003 10003 3 1 14 8 19 1A 3F 38 17
J 13 13 9 10002 10002 10004 2 4 1C 6 1E 2B 39 41 18
J 13 13 8 20003 10003 10003 3 1 14 8 19 1A 3F 38 1F
J 13 13 8 20003 10003 10003 3 1 14 8 19 1A 3F 38 20
J 13 13 8 20003 10003 10003 3 1 14 8 19 1A 3F 38 21
J 13 13 8 20003 10003 10003 3 1 14 8 19 1A 3F 38 22
J 13 13 8 20003 10003 10003 3 1 14 8 19 1A 3F 38 25
J 13 13 8 20003 10003 10003 3 1 14 8 19 1A 3F 38 27
J 13 13 8 20003 10003 10003 3 1 14 8 19 1A 3F 38 2E
J 13 13 8 20003 10003 10003 3 1 14 8 19 1A 3F 38 2F
J 13 13 8 20003 10003 10003 3 1 14 8 19 1A 3F 38 30
J 13 13 8 20003 10003 10003 3 1 14 8 19 1A 3F 38 31
J 13 13 9 10002 10002 10004 2 4 1C 6 1E 2B 39 41 19
J 13 13 8 20003 10003 10003 3 1 14 8 19 1A 3F 38 32
J 13 13 8 20003 10003 10003 3 1 14 8 19 1A 3F 38 3B
J 13 13 8 20003 10003 10003 3 1 14 8 19 1A 3F 39 C
J 13 13 8 20003 10003 10003 3 1 14 8 19 1A 3F 39 E
J 13 13 8 20003 10003 10003 3 1 14 8 19 1A 3F 39 F
J 13 13 8 20003 10003 10003 3 1 14 8 19 1A 3F 39 10
J 13 13 8 20003 10003 10003 3 1 14 8 19 1A 3F 39 11
J 13 13 8 20003 10003 10003 3 1 14 8 19 1A 3F 39 17
J 13 13 8 20003 10003 10003 3 1 14 8 19 1A 3F 39 1F
J 13 13 8 20003 10003 10003 3 1 14 8 19 1A 3F 39 20
J 13 13 9 10002 10002 10004 2 4 1C 6 1E 2B 39 41 1A
J 13 13 8 20003 10003 10003 3 1 14 8 19 1A 3F 39 21
J 13 13 8 20003 10003 10003 3 1 14 8 19 1A 3F 39 22
J 13 13 8 20003 10003 10003 3 1 14 8 19 1A 3F 39 25
J 13 13 8 20003 10003 10003 3 1 14 8 19 1A 3F 39 27
J 13 13 8 20003 10003 10003 3 1 14 8 19 1A 3F 39 2E
J 13 13 8 20003 10003 10003 3 1 14 8 19 1A 3F 39 2F
J 13 13 8 20003 10003 10003 3 1 14 8 19 1A 3F 39 32
J 13 13 8 20003 10003 10003 3 1 14 8 19 1A 3F 39 34
J 13 13 8 20003 10003 10003 3 1 14 8 19 1A 3F 39 38
J 13 13 8 20003 10003 10003 3 1 14 8 19 1A 3F 39 3A
J 13 13 9 10002 10002 10004 2 4 1C 6 1E 2B 39 40 F
J 13 13 9 10002 10002 10004 2 4 1C 6 1E 2B 39 41 1C
J 13 13 8 20003 10003 10003 3 1 14 8 19 1A 3F 39 3B
J 13 13 8 20003 10003 10003 3 1 14 8 19 1A 3F 3A E
J 13 13 8 20003 10003 10003 3 1 14 8 19 1A 3F 3A 10
J 13 13 8 20003 10003 10003 3 1 14 8 19 1A 3F 3A 17
J 13 13 8 20003 10003 10003 3 1 14 8 19 1A 3F 3A 1F
J 13 13 8 20003 10003 10003 3 1 14 8 19 1A 3F 3A 21
J 13 13 8 20003 10003 10003 3 1 14 8 19 1A 3F 3A 23
J 13 13 8 20003 10003 10003 3 1 14 8 19 1A 3F 3A 27
J 13 13 8 20003 10003 10003 3 1 14 8 19 1A 3F 3A 2E
J 13 13 8 20003 10003 10003 3 1 14 8 19 1A 3F 3A 2F
J 13 13 9 10002 10002 10004 2 4 1C 6 1E 2B 39 41 1D
J 13 13 8 20003 10003 10003 3 1 14 8 19 1A 3F 3A 30
J 13 13 8 20003 10003 10003 3 1 14 8 19 1A 3F 3A 31
J 13 13 8 20003 10003 10003 3 1 14 8 19 1A 3F 3A 32
J 13 13 8 20003 10003 10003 3 1 14 8 19 1A 3F 3A 34
J 13 13 8 20003 10003 10003 3 1 14 8 19 1A 3F 3A 37
J 13 13 8 20003 10003 10003 3 1 14 8 19 1A 3F 3A 38
J 13 13 8 20003 10003 10003 3 1 14 8 19 1A 3F 3A 3B
J 13 13 8 20003 10003 10003 3 1 14 8 19 1A 3F 3A 3E
J 13 13 8 20003 10003 10003 3 1 14 8 19 1A 3F 3A 40
J 13 13 8 20003 10003 10003 3 1 14 8 19 1A 3F 3B C
J 13 13 9 10002 10002 10004 2 4 1C 6 1E 2B 39 41 27
J 13 13 8 20003 10003 10003 3 1 14 8 19 1A 3F 3B E
J 13 13 8 20003 10003 10003 3 1 14 8 19 1A 3F 3B 10
J 13 13 8 20003 10003 10003 3 1 14 8 19 1A 3F 3B 11
J 13 13 8 20003 10003 10003 3 1 14 8 19 1A 3F 3B 17
J 13 13 8 20003 10003 10003 3 1 14 8 19 1A 3F 3B 1F
J 13 13 8 20003 10003 10003 3 1 14 8 19 1A 3F 3B 20
J 13 13 8 20003 10003 10003 3 1 14 8 19 1A 3F 3B 22
J 13 13 8 20003 10003 10003 3 1 14 8 19 1A 3F 3B 23
J 13 13 8 20003 10003 10003 3 1 14 8 19 1A 3F 3B 2F
J 13 13 8 20003 10003 10003 3 1 14 8 19 1A 3F 3B 30
J 13 13 9 10002 10002 10004 2 4 1C 6 1E 2B 39 41 28
J 13 13 8 20003 10003 10003 3 1 14 8 19 1A 3F 3B 31
J 13 13 8 20003 10003 10003 3 1 14 8 19 1A 3F 3B 3D
J 13 13 8 20003 10003 10003 3 1 14 8 19 1A 3F 3D D
J 13 13 8 20003 10003 10003 3 1 14 8 19 1A 3F 3D E
J 13 13 8 20003 10003 10003 3 1 14 8 19 1A 3F 3D 10
J 13 13 8 20003 10003 10003 3 1 14 8 19 1A 3F 3D 15
J 13 13 8 20003 10003 10003 3 1 14 8 19 1A 3F 3D 16
J 13 13 8 20003 10003 10003 3 1 14 8 19 1A 3F 3D 1C
J 13 13 8 20003 10003 10003 3 1 14 8 19 1A 3F 3D 1D
J 13 13 8 20003 10003 10003 3 1 14 8 19 1A 3F 3D 1F
J 13 13 9 10002 10002 10004 2 4 1C 6 1E 2B 39 41 29
J 13 13 8 20003 10003 10003 3 1 14 8 19 1A 3F 3D 23
J 13 13 8 20003 10003 10003 3 1 14 8 19 1A 3F 3D 29
J 13 13 8 20003 10003 10003 3 1 14 8 19 1A 3F 3D 2A
J 13 13 8 20003 10003 10003 3 1 14 8 19 1A 3F 3D 2B
J 13 13 8 20003 10003 10003 3 1 14 8 19 1A 3F 3D 2C
J 13 13 8 20003 10003 10003 3 1 14 8 19 1A 3F 3D 2E
J 13 13 8 20003 10003 10003 3 1 14 8 19 1A 3F 3D 2F
J 13 13 8 20003 10003 10003 3 1 14 8 19 1A 3F 3D 30
J 13 13 8 20003 10003 10003 3 1 14 8 19 1A 3F 3D 31
J 13 13 8 20003 10003 10003 3 1 14 8 19 1A 3F 3D 32
J 13 13 9 10002 10002 10004 2 4 1C 6 1E 2B 39 41 2B
J 13 13 8 20003 10003 10003 3 1 14 8 19 1A 3F 3D 35
J 13 13 8 20003 10003 10003 3 1 14 8 19 1A 3F 3D 37
J 13 13 8 20003 10003 10003 3 1 14 8 19 1A 3F 3E 5
J 13 13 8 20003 10003 10003 3 1 14 8 19 1A 3F 3E C
J 13 13 8 20003 10003 10003 3 1 14 8 19 1A 3F 3E E
J 13 13 8 20003 10003 10003 3 1 14 8 19 1A 3F 3E F
J 13 13 8 20003 10003 10003 3 1 14 8 19 1A 3F 3E 10
J 13 13 8 20003 10003 10003 3 1 14 8 19 1A 3F 3E 11
J 13 13 8 20003 10003 10003 3 1 14 8 19 1A 3F 3E 14
J 13 13 8 20003 10003 10003 3 1 14 8 19 1A 3F 3E 17
J 13 13 9 10002 10002 10004 2 4 1C 6 1E 2B 39 41 2C
J 13 13 8 20003 10003 10003 3 1 14 8 19 1A 3F 3E 18
J 13 13 8 20003 10003 10003 3 1 14 8 19 1A 3F 3E 19
J 13 13 8 20003 10003 10003 3 1 14 8 19 1A 3F 3E 1F
J 13 13 8 20003 10003 10003 3 1 14 8 19 1A 3F 3E 20
J 13 13 8 20003 10003 10003 3 1 14 8 19 1A 3F 3E 21
J 13 13 8 20003 10003 10003 3 1 14 8 19 1A 3F 3E 22
J 13 13 8 20003 10003 10003 3 1 14 8 19 1A 3F 3E 25
J 13 13 8 20003 10003 10003 3 1 14 8 19 1A 3F 3E 27
J 13 13 8 20003 10003 10003 3 1 14 8 19 1A 3F 3E 28
J 13 13 8 20003 10003 10003 3 1 14 8 19 1A 3F 3E 2E
J 13 13 9 10002 10002 10004 2 4 1C 6 1E 2B 39 41 34
J 13 13 8 20003 10003 10003 3 1 14 8 19 1A 3F 3E 2F
J 13 13 8 20003 10003 10003 3 1 14 8 19 1A 3F 3E 30
J 13 13 8 20003 10003 10003 3 1 14 8 19 1A 3F 3E 31
J 13 13 8 20003 10003 10003 3 1 14 8 19 1A 3F 3E 32
J 13 13 8 20003 10003 10003 3 1 14 8 19 1A 3F 3E 34
J 13 13 8 20003 10003 10003 3 1 14 8 19 1A 3F 3E 35
J 13 13 8 20003 10003 10003 3 1 14 8 19 1A 3F 3E 36
J 13 13 8 20003 10003 10003 3 1 14 8 19 1A 3F 3E 37
J 13 13 8 20003 10003 10003 3 1 14 8 19 1A 3F 3E 38
J 13 13 8 20003 10003 10003 3 1 14 8 19 1A 3F 3E 39
J 13 13 8 20003 10003 10003 3 1 14 4 15 1A 31 29 5
J 13 13 8 20003 10003 10003 3 1 14 8 19 1A 3F 3E 3B
J 13 13 8 20003 10003 10003 3 1 14 8 19 1A 3F 40 5
J 13 13 8 20003 10003 10003 3 1 14 8 19 1A 3F 40 C
J 13 13 8 20003 10003 10003 3 1 14 8 19 1A 3F 40 E
J 13 13 8 20003 10003 10003 3 1 14 8 19 1A 3F 40 F
J 13 13 8 20003 10003 10003 3 1 14 8 19 1A 3F 40 10
J 13 13 8 20003 10003 10003 3 1 14 8 19 1A 3F 40 11
J 13 13 8 20003 10003 10003 3 1 14 8 19 1A 3F 40 14
J 13 13 8 20003 10003 10003 3 1 14 8 19 1A 3F 40 17
J 13 13 8 20003 10003 10003 3 1 14 8 19 1A 3F 40 18
J 13 13 8 20003 10003 10003 3 1 14 4 15 1A 31 29 11
J 13 13 8 20003 10003 10003 3 1 14 8 19 1A 3F 40 19
J 13 13 8 20003 10003 10003 3 1 14 8 19 1A 3F 40 1F
J 13 13 8 20003 10003 10003 3 1 14 8 19 1A 3F 40 20
J 13 13 8 20003 10003 10003 3 1 14 8 19 1A 3F 40 21
J 13 13 8 20003 10003 10003 3 1 14 8 19 1A 3F 40 22
J 13 13 8 20003 10003 10003 3 1 14 8 19 1A 3F 40 25
J 13 13 8 20003 10003 10003 3 1 14 8 19 1A 3F 40 27
J 13 13 8 20003 10003 10003 3 1 14 8 19 1A 3F 40 28
J 13 13 8 20003 10003 10003 3 1 14 8 19 1A 3F 40 2E
J 13 13 8 20003 10003 10003 3 1 14 8 19 1A 3F 40 2F
J 13 13 9 10002 10002 10004 2 4 1C 6 1E 2B 39 40 10
J 13 13 8 20003 10003 10003 3 1 14 4 15 1A 31 29 1A
J 13 13 8 20003 10003 10003 3 1 14 8 19 1A 3F 40 30
J 13 13 8 20003 10003 10003 3 1 14 8 19 1A 3F 40 32
J 13 13 8 20003 10003 10003 3 1 14 8 19 1A 3F 40 34
J 13 13 8 20003 10003 10003 3 1 14 8 19 1A 3F 40 35
J 13 13 8 20003 10003 10003 3 1 14 8 19 1A 3F 40 37
J 13 13 8 20003 10003 10003 3 1 14 8 19 1A 3F 40 38
J 13 13 8 20003 10003 10003 3 1 14 8 19 1A 3F 40 39
J 13 13 8 20003 10003 10003 3 1 14 8 19 1A 3F 40 3B
J 13 13 8 20003 10003 10003 3 1 14 8 19 1A 3F 40 3E
J 13 13 8 20003 10003 10003 3 1 14 8 19 1A 3F 40 41
J 13 13 8 20003 10003 10003 3 1 14 4 15 1A 31 29 22
J 13 13 8 20003 10003 10003 3 1 14 8 19 1A 3F 41 E
J 13 13 8 20003 10003 10003 3 1 14 8 19 1A 3F 41 F
J 13 13 8 20003 10003 10003 3 1 14 8 19 1A 3F 41 12
J 13 13 8 20003 10003 10003 3 1 14 8 19 1A 3F 41 14
J 13 13 8 20003 10003 10003 3 1 14 8 19 1A 3F 41 17
J 13 13 8 20003 10003 10003 3 1 14 8 19 1A 3F 41 18
J 13 13 8 20003 10003 10003 3 1 14 8 19 1A 3F 41 19
J 13 13 8 20003 10003 10003 3 1 14 8 19 1A 3F 41 1F
J 13 13 8 20003 10003 10003 3 1 14 8 19 1A 3F 41 20
J 13 13 8 20003 10003 10003 3 1 14 8 19 1A 3F 41 23
J 13 13 8 20003 10003 10003 3 1 14 4 15 1A 31 29 2F
J 13 13 8 20003 10003 10003 3 1 14 8 19 1A 3F 41 25
J 13 13 8 20003 10003 10003 3 1 14 8 19 1A 3F 41 27
J 13 13 8 20003 10003 10003 3 1 14 8 19 1A 3F 41 2E
J 13 13 8 20003 10003 10003 3 1 14 8 19 1A 3F 41 2F
J 13 13 8 20003 10003 10003 3 1 14 8 19 1A 3F 41 30
J 13 13 8 20003 10003 10003 3 1 14 8 19 1A 3F 41 31
J 13 13 8 20003 10003 10003 3 1 14 8 19 1A 3F 41 32
J 13 13 8 20003 10003 10003 3 1 14 8 19 1A 3F 41 34
J 13 13 8 20003 10003 10003 3 1 14 8 19 1A 3F 41 35
J 13 13 8 20003 10003 10003 3 1 14 8 19 1A 3F 41 36
J 13 13 8 20003 10003 10003 3 1 14 4 15 1A 31 29 34
J 13 13 8 20003 10003 10003 3 1 14 8 19 1A 3F 41 37
J 13 13 8 20003 10003 10003 3 1 14 8 19 1A 3F 41 38
J 13 13 8 20003 10003 10003 3 1 14 8 19 1A 3F 41 39
J 13 13 8 20003 10003 10003 3 1 14 8 19 1A 3F 41 3A
J 13 13 8 20003 10003 10003 3 1 14 8 19 1A 3F 41 3B
J 13 13 8 20003 10003 10003 3 1 14 8 19 1A 3F 41 3E
J 13 13 7 20002 10002 10002 10003 2 3 9 C 26 12 21 4
J 13 13 7 20002 10002 10002 10003 2 3 9 C 26 12 21 10
J 13 13 7 20002 10002 10002 10003 2 3 9 C 26 12 21 19
J 13 13 7 20002 10002 10002 10003 2 3 9 C 26 12 21 1B
J 13 13 8 20003 10003 10003 3 1 14 4 15 1A 31 29 36
J 13 13 7 20002 10002 10002 10003 2 3 9 C 26 12 21 28
J 13 13 7 20002 10002 10002 10003 2 3 9 C 26 12 21 2E
J 13 13 7 20002 10002 10002 10003 2 3 9 C 26 12 21 31
J 13 13 7 20002 10002 10002 10003 2 3 9 C 26 12 21 33
J 13 13 7 20002 10002 10002 10003 2 3 9 C 26 12 21 34
J 13 13 7 20002 10002 10002 10003 2 3 9 C 26 12 21 36
J 13 13 7 20002 10002 10002 10003 2 3 9 C 26 12 21 37
J 13 13 7 20002 10002 10002 10003 2 3 9 C 26 12 21 39
J 13 13 7 20002 10002 10002 10003 2 3 9 C 26 12 21 3A
J 13 13 7 20002 10002 10002 10003 2 3 9 C 26 12 21 3B
J 13 13 8 20003 10003 10003 3 1 14 4 15 1A 31 29 38
J 13 13 7 20002 10002 10002 10003 2 3 9 C 26 12 21 3D
J 13 13 7 20002 10002 10002 10003 2 3 9 C 26 12 21 41
J 13 13 7 20002 10002 10002 10003 2 3 9 C 26 12 27 7
J 13 13 7 20002 10002 10002 10003 2 3 9 C 26 12 27 11
J 13 13 7 20002 10002 10002 10003 2 3 9 C 26 12 27 17
J 13 13 7 20002 10002 10002 10003 2 3 9 C 26 12 27 18
J 13 13 7 20002 10002 10002 10003 2 3 9 C 26 12 27 19
J 13 13 7 20002 10002 10002 10003 2 3 9 C 26 12 27 1A
J 13 13 7 20002 10002 10002 10003 2 3 9 C 26 12 27 1B
J 13 13 7 20002 10002 10002 10003 2 3 9 C 26 12 27 1C
J 13 13 8 20003 10003 10003 3 1 14 4 15 1A 31 29 3A
J 13 13 7 20002 10002 10002 10003 2 3 9 C 26 12 27 1D
J 13 13 7 20002 10002 10002 10003 2 3 9 C 26 12 27 21
J 13 13 7 20002 10002 10002 10003 2 3 9 C 26 12 27 2E
J 13 13 7 20002 10002 10002 10003 2 3 9 C 26 12 27 2F
J 13 13 7 20002 10002 10002 10003 2 3 9 C 26 12 27 32
J 13 13 7 20002 10002 10002 10003 2 3 9 C 26 12 27 33
J 13 13 7 20002 10002 10002 10003 2 3 9 C 26 12 27 34
J 13 13 7 20002 10002 10002 10003 2 3 9 C 26 12 27 35
J 13 13 7 20002 10002 10002 10003 2 3 9 C 26 12 27 36
J 13 13 7 20002 10002 10002 10003 2 3 9 C 26 12 27 37
J 13 13 8 20003 10003 10003 3 1 14 4 15 1A 31 29 3B
J 13 13 7 20002 10002 10002 10003 2 3 9 C 26 12 27 39
J 13 13 7 20002 10002 10002 10003 2 3 9 C 26 12 27 3A
J 13 13 7 20002 10002 10002 10003 2 3 9 C 26 12 27 3B
J 13 13 7 20002 10002 10002 10003 2 3 9 C 26 12 27 3C
J 13 13 7 20002 10002 10002 10003 2 3 9 C 26 12 27 3D
J 13 13 7 20002 10002 10002 10003 2 3 9 C 26 12 27 3E
J 13 13 7 20002 10002 10002 10003 2 3 9 C 26 12 27 41
J 13 13 7 20002 10002 10002 10003 2 3 9 C 26 12 28 4
J 13 13 7 20002 10002 10002 10003 2 3 9 C 26 12 28 E
J 13 13 7 20002 10002 10002 10003 2 3 9 C 26 12 28 17
J 13 13 8 20003 10003 10003 3 1 14 4 15 1A 31 29 3D
J 13 13 7 20002 10002 10002 10003 2 3 9 C 26 12 28 18
J 13 13 7 20002 10002 10002 10003 2 3 9 C 26 12 28 19
J 13 13 7 20002 10002 10002 10003 2 3 9 C 26 12 28 1A
J 13 13 7 20002 10002 10002 10003 2 3 9 C 26 12 28 1B
J 13 13 7 20002 10002 10002 10003 2 3 9 C 26 12 28 1C
J 13 13 7 20002 10002 10002 10003 2 3 9 C 26 12 28 1D
J 13 13 7 20002 10002 10002 10003 2 3 9 C 26 12 28 20
J 13 13 7 20002 10002 10002 10003 2 3 9 C 26 12 28 2E
J 13 13 7 20002 10002 10002 10003 2 3 9 C 26 12 28 2F
J 13 13 7 20002 10002 10002 10003 2 3 9 C 26 12 28 30
J 13 13 8 20003 10003 10003 3 1 14 4 15 1A 31 29 3E
J 13 13 7 20002 10002 10002 10003 2 3 9 C 26 12 28 31
J 13 13 7 20002 10002 10002 10003 2 3 9 C 26 12 28 32
J 13 13 7 20002 10002 10002 10003 2 3 9 C 26 12 28 33
J 13 13 7 20002 10002 10002 10003 2 3 9 C 26 12 28 34
J 13 13 7 20002 10002 10002 10003 2 3 9 C 26 12 28 35
J 13 13 7 20002 10002 10002 10003 2 3 9 C 26 12 28 36
J 13 13 7 20002 10002 10002 10003 2 3 9 C 26 12 28 37
J 13 13 7 20002 10002 10002 10003 2 3 9 C 26 12 28 39
J 13 13 7 20002 10002 10002 10003 2 3 9 C 26 12 28 3A
J 13 13 7 20002 10002 10002 10003 2 3 9 C 26 12 28 3B
J 13 13 9 10002 10002 10004 2 4 1C 6 1E 2B 39 40 11
J 13 13 8 20003 10003 10003 3 1 14 4 15 1A 31 29 40
J 13 13 7 20002 10002 10002 10003 2 3 9 C 26 12 28 3D
J 13 13 7 20002 10002 10002 10003 2 3 9 C 26 12 28 3E
J 13 13 7 20002 10002 10002 10003 2 3 9 C 26 12 28 41
J 13 13 7 20002 10002 10002 10003 2 3 9 C 26 12 2B 4
J 13 13 7 20002 10002 10002 10003 2 3 9 C 26 12 2B 7
J 13 13 7 20002 10002 10002 10003 2 3 9 C 26 12 2B E
J 13 13 7 20002 10002 10002 10003 2 3 9 C 26 12 2B 11
J 13 13 7 20002 10002 10002 10003 2 3 9 C 26 12 2B 13
J 13 13 7 20002 10002 10002 10003 2 3 9 C 26 12 2B 17
J 13 13 7 20002 10002 10002 10003 2 3 9 C 26 12 2B 18
J 13 13 8 20003 10003 10003 3 1 14 4 15 1A 31 2E C
J 13 13 7 20002 10002 10002 10003 2 3 9 C 26 12 2B 19
J 13 13 7 20002 10002 10002 10003 2 3 9 C 26 12 2B 1A
J 13 13 7 20002 10002 10002 10003 2 3 9 C 26 12 2B 1B
J 13 13 7 20002 10002 10002 10003 2 3 9 C 26 12 2B 1C
J 13 13 7 20002 10002 10002 10003 2 3 9 C 26 12 2B 1D
J 13 13 7 20002 10002 10002 10003 2 3 9 C 26 12 2B 20
J 13 13 7 20002 10002 10002 10003 2 3 9 C 26 12 2B 21
J 13 13 7 20002 10002 10002 10003 2 3 9 C 26 12 2B 27
J 13 13 7 20002 10002 10002 10003 2 3 9 C 26 12 2B 28
J 13 13 7 20002 10002 10002 10003 2 3 9 C 26 12 2B 2E
J 13 13 8 20003 10003 10003 3 1 14 4 15 1A 31 2E F
J 13 13 7 20002 10002 10002 10003 2 3 9 C 26 12 2B 2F
J 13 13 7 20002 10002 10002 10003 2 3 9 C 26 12 2B 30
J 13 13 7 20002 10002 10002 10003 2 3 9 C 26 12 2B 31
J 13 13 7 20002 10002 10002 10003 2 3 9 C 26 12 2B 32
J 13 13 7 20002 10002 10002 10003 2 3 9 C 26 12 2B 33
J 13 13 7 20002 10002 10002 10003 2 3 9 C 26 12 2B 34
J 13 13 7 20002 10002 10002 10003 2 3 9 C 26 12 2B 35
J 13 13 7 20002 10002 10002 10003 2 3 9 C 26 12 2B 36
J 13 13 7 20002 10002 10002 10003 2 3 9 C 26 12 2B 37
J 13 13 7 20002 10002 10002 10003 2 3 9 C 26 12 2B 39
J 13 13 8 20003 10003 10003 3 1 14 4 15 1A 31 2E 10
J 13 13 7 20002 10002 10002 10003 2 3 9 C 26 12 2B 3A
J 13 13 7 20002 10002 10002 10003 2 3 9 C 26 12 2B 3B
J 13 13 7 20002 10002 10002 10003 2 3 9 C 26 12 2B 3C
J 13 13 7 20002 10002 10002 10003 2 3 9 C 26 12 2B 3D
J 13 13 7 20002 10002 10002 10003 2 3 9 C 26 12 2B 3E
J 13 13 7 20002 10002 10002 10003 2 3 9 C 26 12 2B 3F
J 13 13 7 20002 10002 10002 10003 2 3 9 C 26 12 2B 41
J 13 13 7 20002 10002 10002 10003 2 3 9 C 26 12 2E 1B
J 13 13 7 20002 10002 10002 10003 2 3 9 C 26 12 2E 3B
J 13 13 7 20002 10002 10002 10003 2 3 9 C 26 12 2E 3F
J 13 13 8 20003 10003 10003 3 1 14 4 15 1A 31 2E 11
J 13 13 7 20002 10002 10002 10003 2 3 9 C 26 12 2F 1B
J 13 13 7 20002 10002 10002 10003 2 3 9 C 26 12 2F 32
J 13 13 7 20002 10002 10002 10003 2 3 9 C 26 12 2F 3E
J 13 13 7 20002 10002 10002 10003 2 3 9 C 26 12 30 7
J 13 13 7 20002 10002 10002 10003 2 3 9 C 26 12 30 10
J 13 13 7 20002 10002 10002 10003 2 3 9 C 26 12 30 11
J 13 13 7 20002 10002 10002 10003 2 3 9 C 26 12 30 13
J 13 13 7 20002 10002 10002 10003 2 3 9 C 26 12 30 14
J 13 13 7 20002 10002 10002 10003 2 3 9 C 26 12 30 17
J 13 13 7 20002 10002 10002 10003 2 3 9 C 26 12 30 18
J 13 13 8 20003 10003 10003 3 1 14 4 15 1A 31 2E 12
J 13 13 7 20002 10002 10002 10003 2 3 9 C 26 12 30 19
J 13 13 7 20002 10002 10002 10003 2 3 9 C 26 12 30 1A
J 13 13 7 20002 10002 10002 10003 2 3 9 C 26 12 30 1C
J 13 13 7 20002 10002 10002 10003 2 3 9 C 26 12 30 1D
J 13 13 7 20002 10002 10002 10003 2 3 9 C 26 12 30 21
J 13 13 7 20002 10002 10002 10003 2 3 9 C 26 12 30 29
J 13 13 7 20002 10002 10002 10003 2 3 9 C 26 12 30 2E
J 13 13 7 20002 10002 10002 10003 2 3 9 C 26 12 30 2F
J 13 13 7 20002 10002 10002 10003 2 3 9 C 26 12 30 31
J 13 13 7 20002 10002 10002 10003 2 3 9 C 26 12 30 32
J 13 13 8 20003 10003 10003 3 1 14 4 15 1A 31 2E 1A
J 13 13 7 20002 10002 10002 10003 2 3 9 C 26 12 30 33
J 13 13 7 20002 10002 10002 10003 2 3 9 C 26 12 30 34
J 13 13 7 20002 10002 10002 10003 2 3 9 C 26 12 30 36
J 13 13 7 20002 10002 10002 10003 2 3 9 C 26 12 30 3A
J 13 13 7 20002 10002 10002 10003 2 3 9 C 26 12 30 3B
J 13 13 7 20002 10002 10002 10003 2 3 9 C 26 12 30 3D
J 13 13 7 20002 10002 10002 10003 2 3 9 C 26 12 30 3E
J 13 13 7 20002 10002 10002 10003 2 3 9 C 26 12 30 41
J 13 13 7 20002 10002 10002 10003 2 3 9 C 26 12 31 1B
J 13 13 7 20002 10002 10002 10003 2 3 9 C 26 12 31 29
J 13 13 8 20003 10003 10003 3 1 14 4 15 1A 31 2E 1B
J 13 13 7 20002 10002 10002 10003 2 3 9 C 26 12 31 2E
J 13 13 7 20002 10002 10002 10003 2 3 9 C 26 12 31 2F
J 13 13 7 20002 10002 10002 10003 2 3 9 C 26 12 31 32
J 13 13 7 20002 10002 10002 10003 2 3 9 C 26 12 31 39
J 13 13 7 20002 10002 10002 10003 2 3 9 C 26 12 31 3A
J 13 13 7 20002 10002 10002 10003 2 3 9 C 26 12 31 3C
J 13 13 7 20002 10002 10002 10003 2 3 9 C 26 12 32 1B
J 13 13 7 20002 10002 10002 10003 2 3 9 C 26 12 32 21
J 13 13 7 20002 10002 10002 10003 2 3 9 C 26 12 32 2E
J 13 13 7 20002 10002 10002 10003 2 3 9 C 26 12 32 39
J 13 13 8 20003 10003 10003 3 1 14 4 15 1A 31 2E 20
J 13 13 7 20002 10002 10002 10003 2 3 9 C 26 12 32 3B
J 13 13 7 20002 10002 10002 10003 2 3 9 C 26 12 32 3C
J 13 13 7 20002 10002 10002 10003 2 3 9 C 26 12 32 3F
J 13 13 7 20002 10002 10002 10003 2 3 9 C 26 12 33 17
J 13 13 7 20002 10002 10002 10003 2 3 9 C 26 12 33 1A
J 13 13 7 20002 10002 10002 10003 2 3 9 C 26 12 33 1B
J 13 13 7 20002 10002 10002 10003 2 3 9 C 26 12 33 1C
J 13 13 7 20002 10002 10002 10003 2 3 9 C 26 12 33 1D
J 13 13 7 20002 10002 10002 10003 2 3 9 C 26 12 33 2F
J 13 13 7 20002 10002 10002 10003 2 3 9 C 26 12 33 32
J 13 13 8 20003 10003 10003 3 1 14 4 15 1A 31 2E 21
J 13 13 7 20002 10002 10002 10003 2 3 9 C 26 12 33 3E
J 13 13 7 20002 10002 10002 10003 2 3 9 C 26 12 34 17
J 13 13 7 20002 10002 10002 10003 2 3 9 C 26 12 34 1B
J 13 13 7 20002 10002 10002 10003 2 3 9 C 26 12 34 2E
J 13 13 7 20002 10002 10002 10003 2 3 9 C 26 12 34 32
J 13 13 7 20002 10002 10002 10003 2 3 9 C 26 12 34 37
J 13 13 7 20002 10002 10002 10003 2 3 9 C 26 12 35 7
J 13 13 7 20002 10002 10002 10003 2 3 9 C 26 12 35 10
J 13 13 7 20002 10002 10002 10003 2 3 9 C 26 12 35 11
J 13 13 7 20002 10002 10002 10003 2 3 9 C 26 12 35 13
J 13 13 9 10002 10002 10004 2 4 1C 6 1E 2B 39 40 12
J 13 13 8 20003 10003 10003 3 1 14 4 15 1A 31 2E 22
J 13 13 7 20002 10002 10002 10003 2 3 9 C 26 12 35 14
J 13 13 7 20002 10002 10002 10003 2 3 9 C 26 12 35 17
J 13 13 7 20002 10002 10002 10003 2 3 9 C 26 12 35 18
J 13 13 7 20002 10002 10002 10003 2 3 9 C 26 12 35 19
J 13 13 7 20002 10002 10002 10003 2 3 9 C 26 12 35 1A
J 13 13 7 20002 10002 10002 10003 2 3 9 C 26 12 35 1C
J 13 13 7 20002 10002 10002 10003 2 3 9 C 26 12 35 1D
J 13 13 7 20002 10002 10002 10003 2 3 9 C 26 12 35 21
J 13 13 7 20002 10002 10002 10003 2 3 9 C 26 12 35 2E
J 13 13 7 20002 10002 10002 10003 2 3 9 C 26 12 35 2F
J 13 13 8 20003 10003 10003 3 1 14 4 15 1A 31 2E 23
J 13 13 7 20002 10002 10002 10003 2 3 9 C 26 12 35 31
J 13 13 7 20002 10002 10002 10003 2 3 9 C 26 12 35 33
J 13 13 7 20002 10002 10002 10003 2 3 9 C 26 12 35 34
J 13 13 7 20002 10002 10002 10003 2 3 9 C 26 12 35 36
J 13 13 7 20002 10002 10002 10003 2 3 9 C 26 12 35 37
J 13 13 7 20002 10002 10002 10003 2 3 9 C 26 12 35 39
J 13 13 7 20002 10002 10002 10003 2 3 9 C 26 12 35 3A
J 13 13 7 20002 10002 10002 10003 2 3 9 C 26 12 35 3C
J 13 13 7 20002 10002 10002 10003 2 3 9 C 26 12 35 3D
J 13 13 7 20002 10002 10002 10003 2 3 9 C 26 12 35 3E
J 13 13 8 20003 10003 10003 3 1 14 4 15 1A 31 2E 25
J 13 13 7 20002 10002 10002 10003 2 3 9 C 26 12 35 40
J 13 13 7 20002 10002 10002 10003 2 3 9 C 26 12 36 10
J 13 13 7 20002 10002 10002 10003 2 3 9 C 26 12 36 11
J 13 13 7 20002 10002 10002 10003 2 3 9 C 26 12 36 14
J 13 13 7 20002 10002 10002 10003 2 3 9 C 26 12 36 17
J 13 13 7 20002 10002 10002 10003 2 3 9 C 26 12 36 19
J 13 13 7 20002 10002 10002 10003 2 3 9 C 26 12 36 1A
J 13 13 7 20002 10002 10002 10003 2 3 9 C 26 12 36 1B
J 13 13 7 20002 10002 10002 10003 2 3 9 C 26 12 36 1D
J 13 13 7 20002 10002 10002 10003 2 3 9 C 26 12 36 2E
J 13 13 8 20003 10003 10003 3 1 14 4 15 1A 31 2E 29
J 13 13 7 20002 10002 10002 10003 2 3 9 C 26 12 36 2F
J 13 13 7 20002 10002 10002 10003 2 3 9 C 26 12 36 32
J 13 13 7 20002 10002 10002 10003 2 3 9 C 26 12 36 33
J 13 13 7 20002 10002 10002 10003 2 3 9 C 26 12 36 34
J 13 13 7 20002 10002 10002 10003 2 3 9 C 26 12 36 37
J 13 13 7 20002 10002 10002 10003 2 3 9 C 26 12 36 39
J 13 13 7 20002 10002 10002 10003 2 3 9 C 26 12 36 3B
J 13 13 7 20002 10002 10002 10003 2 3 9 C 26 12 36 3C
J 13 13 7 20002 10002 10002 10003 2 3 9 C 26 12 36 3E
J 13 13 7 20002 10002 10002 10003 2 3 9 C 26 12 37 11
J 13 13 8 20003 10003 10003 3 1 14 4 15 1A 31 2E 34
J 13 13 7 20002 10002 10002 10003 2 3 9 C 26 12 37 17
J 13 13 7 20002 10002 10002 10003 2 3 9 C 26 12 37 19
J 13 13 7 20002 10002 10002 10003 2 3 9 C 26 12 37 1A
J 13 13 7 20002 10002 10002 10003 2 3 9 C 26 12 37 1B
J 13 13 7 20002 10002 10002 10003 2 3 9 C 26 12 37 1C
J 13 13 7 20002 10002 10002 10003 2 3 9 C 26 12 37 29
J 13 13 7 20002 10002 10002 10003 2 3 9 C 26 12 37 2E
J 13 13 7 20002 10002 10002 10003 2 3 9 C 26 12 37 2F
J 13 13 7 20002 10002 10002 10003 2 3 9 C 26 12 37 33
J 13 13 7 20002 10002 10002 10003 2 3 9 C 26 12 37 39
J 13 13 8 20003 10003 10003 3 1 14 4 15 1A 31 2E 35
J 13 13 7 20002 10002 10002 10003 2 3 9 C 26 12 37 3B
J 13 13 7 20002 10002 10002 10003 2 3 9 C 26 12 37 3C
J 13 13 7 20002 10002 10002 10003 2 3 9 C 26 12 37 3D
J 13 13 7 20002 10002 10002 10003 2 3 9 C 26 12 37 3F
J 13 13 7 20002 10002 10002 10003 2 3 9 C 26 12 39 E
J 13 13 7 20002 10002 10002 10003 2 3 9 C 26 12 39 F
J 13 13 7 20002 10002 10002 10003 2 3 9 C 26 12 39 13
J 13 13 7 20002 10002 10002 10003 2 3 9 C 26 12 39 14
J 13 13 7 20002 10002 10002 10003 2 3 9 C 26 12 39 17
J 13 13 7 20002 10002 10002 10003 2 3 9 C 26 12 39 18
J 13 13 8 20003 10003 10003 3 1 14 4 15 1A 31 2E 38
J 13 13 7 20002 10002 10002 10003 2 3 9 C 26 12 39 19
J 13 13 7 20002 10002 10002 10003 2 3 9 C 26 12 39 1A
J 13 13 7 20002 10002 10002 10003 2 3 9 C 26 12 39 1C
J 13 13 7 20002 10002 10002 10003 2 3 9 C 26 12 39 1D
J 13 13 7 20002 10002 10002 10003 2 3 9 C 26 12 39 2E
J 13 13 7 20002 10002 10002 10003 2 3 9 C 26 12 39 33
J 13 13 7 20002 10002 10002 10003 2 3 9 C 26 12 39 34
J 13 13 7 20002 10002 10002 10003 2 3 9 C 26 12 39 3A
J 13 13 7 20002 10002 10002 10003 2 3 9 C 26 12 39 3B
J 13 13 7 20002 10002 10002 10003 2 3 9 C 26 12 39 3D
J 13 13 8 20003 10003 10003 3 1 14 4 15 1A 31 2E 39
J 13 13 7 20002 10002 10002 10003 2 3 9 C 26 12 3A 4
J 13 13 7 20002 10002 10002 10003 2 3 9 C 26 12 3A F
J 13 13 7 20002 10002 10002 10003 2 3 9 C 26 12 3A 14
J 13 13 7 20002 10002 10002 10003 2 3 9 C 26 12 3A 17
J 13 13 7 20002 10002 10002 10003 2 3 9 C 26 12 3A 18
J 13 13 7 20002 10002 10002 10003 2 3 9 C 26 12 3A 1A
J 13 13 7 20002 10002 10002 10003 2 3 9 C 26 12 3A 1B
J 13 13 7 20002 10002 10002 10003 2 3 9 C 26 12 3A 1D
J 13 13 7 20002 10002 10002 10003 2 3 9 C 26 12 3A 2E
J 13 13 7 20002 10002 10002 10003 2 3 9 C 26 12 3A 2F
J 13 13 8 20003 10003 10003 3 1 14 4 15 1A 31 2E 3A
J 13 13 7 20002 10002 10002 10003 2 3 9 C 26 12 3A 32
J 13 13 7 20002 10002 10002 10003 2 3 9 C 26 12 3A 33
J 13 13 7 20002 10002 10002 10003 2 3 9 C 26 12 3A 36
J 13 13 7 20002 10002 10002 10003 2 3 9 C 26 12 3A 37
J 13 13 7 20002 10002 10002 10003 2 3 9 C 26 12 3A 3B
J 13 13 7 20002 10002 10002 10003 2 3 9 C 26 12 3A 3E
J 13 13 7 20002 10002 10002 10003 2 3 9 C 26 12 3B 4
J 13 13 7 20002 10002 10002 10003 2 3 9 C 26 12 3B E
J 13 13 7 20002 10002 10002 10003 2 3 9 C 26 12 3B 17
J 13 13 7 20002 10002 10002 10003 2 3 9 C 26 12 3B 18
J 13 13 8 20003 10003 10003 3 1 14 4 15 1A 31 2E 3B
J 13 13 7 20002 10002 10002 10003 2 3 9 C 26 12 3B 1A
J 13 13 7 20002 10002 10002 10003 2 3 9 C 26 12 3B 1B
J 13 13 7 20002 10002 10002 10003 2 3 9 C 26 12 3B 1C
J 13 13 7 20002 10002 10002 10003 2 3 9 C 26 12 3B 2F
J 13 13 7 20002 10002 10002 10003 2 3 9 C 26 12 3B 31
J 13 13 7 20002 10002 10002 10003 2 3 9 C 26 12 3B 33
J 13 13 7 20002 10002 10002 10003 2 3 9 C 26 12 3B 35
J 13 13 7 20002 10002 10002 10003 2 3 9 C 26 12 3B 3F
J 13 13 7 20002 10002 10002 10003 2 3 9 C 26 12 3C E
J 13 13 7 20002 10002 10002 10003 2 3 9 C 26 12 3C F
J 13 13 9 10002 10002 10004 2 4 1C 6 1E 2B 39 40 13
J 13 13 8 20003 10003 10003 3 1 14 4 15 1A 31 2E 40
J 13 13 7 20002 10002 10002 10003 2 3 9 C 26 12 3C 13
J 13 13 7 20002 10002 10002 10003 2 3 9 C 26 12 3C 14
J 13 13 7 20002 10002 10002 10003 2 3 9 C 26 12 3C 18
J 13 13 7 20002 10002 10002 10003 2 3 9 C 26 12 3C 19
J 13 13 7 20002 10002 10002 10003 2 3 9 C 26 12 3C 1A
J 13 13 7 20002 10002 10002 10003 2 3 9 C 26 12 3C 2F
J 13 13 7 20002 10002 10002 10003 2 3 9 C 26 12 3C 34
J 13 13 7 20002 10002 10002 10003 2 3 9 C 26 12 3C 3D
J 13 13 7 20002 10002 10002 10003 2 3 9 C 26 12 3C 3E
J 13 13 7 20002 10002 10002 10003 2 3 9 C 26 12 3D E
J 13 13 8 20003 10003 10003 3 1 14 4 15 1A 31 2F 5
J 13 13 7 20002 10002 10002 10003 2 3 9 C 26 12 3D 17
J 13 13 7 20002 10002 10002 10003 2 3 9 C 26 12 3D 18
J 13 13 7 20002 10002 10002 10003 2 3 9 C 26 12 3D 1B
J 13 13 7 20002 10002 10002 10003 2 3 9 C 26 12 3D 2E
J 13 13 7 20002 10002 10002 10003 2 3 9 C 26 12 3D 2F
J 13 13 7 20002 10002 10002 10003 2 3 9 C 26 12 3D 31
J 13 13 7 20002 10002 10002 10003 2 3 9 C 26 12 3D 32
J 13 13 7 20002 10002 10002 10003 2 3 9 C 26 12 3D 34
J 13 13 7 20002 10002 10002 10003 2 3 9 C 26 12 3D 36
J 13 13 7 20002 10002 10002 10003 2 3 9 C 26 12 3D 3E
J 13 13 8 20003 10003 10003 3 1 14 4 15 1A 31 2F C
J 13 13 7 20002 10002 10002 10003 2 3 9 C 26 12 3D 41
J 13 13 7 20002 10002 10002 10003 2 3 9 C 26 12 3E 17
J 13 13 7 20002 10002 10002 10003 2 3 9 C 26 12 3E 18
J 13 13 7 20002 10002 10002 10003 2 3 9 C 26 12 3E 1B
J 13 13 7 20002 10002 10002 10003 2 3 9 C 26 12 3E 1C
J 13 13 7 20002 10002 10002 10003 2 3 9 C 26 12 3E 2E
J 13 13 7 20002 10002 10002 10003 2 3 9 C 26 12 3E 31
J 13 13 7 20002 10002 10002 10003 2 3 9 C 26 12 3E 32
J 13 13 7 20002 10002 10002 10003 2 3 9 C 26 12 3E 34
J 13 13 7 20002 10002 10002 10003 2 3 9 C 26 12 3E 37
J 13 13 8 20003 10003 10003 3 1 14 4 15 1A 31 2F F
J 13 13 7 20002 10002 10002 10003 2 3 9 C 26 12 3F E
J 13 13 7 20002 10002 10002 10003 2 3 9 C 26 12 3F F
J 13 13 7 20002 10002 10002 10003 2 3 9 C 26 12 3F 10
J 13 13 7 20002 10002 10002 10003 2 3 9 C 26 12 3F 11
J 13 13 7 20002 10002 10002 10003 2 3 9 C 26 12 3F 14
J 13 13 7 20002 10002 10002 10003 2 3 9 C 26 12 3F 17
J 13 13 7 20002 10002 10002 10003 2 3 9 C 26 12 3F 18
J 13 13 7 20002 10002 10002 10003 2 3 9 C 26 12 3F 19
J 13 13 7 20002 10002 10002 10003 2 3 9 C 26 12 3F 1A
J 13 13 7 20002 10002 10002 10003 2 3 9 C 26 12 3F 1C
J 13 13 8 20003 10003 10003 3 1 14 4 15 1A 31 2F 11
J 13 13 7 20002 10002 10002 10003 2 3 9 C 26 12 3F 1D
J 13 13 7 20002 10002 10002 10003 2 3 9 C 26 12 3F 21
J 13 13 7 20002 10002 10002 10003 2 3 9 C 26 12 3F 27
J 13 13 7 20002 10002 10002 10003 2 3 9 C 26 12 3F 28
J 13 13 7 20002 10002 10002 10003 2 3 9 C 26 12 3F 29
J 13 13 7 20002 10002 10002 10003 2 3 9 C 26 12 3F 2F
J 13 13 7 20002 10002 10002 10003 2 3 9 C 26 12 3F 31
J 13 13 7 20002 10002 10002 10003 2 3 9 C 26 12 3F 33
J 13 13 7 20002 10002 10002 10003 2 3 9 C 26 12 3F 34
J 13 13 7 20002 10002 10002 10003 2 3 9 C 26 12 3F 35
J 13 13 8 20003 10003 10003 3 1 14 4 15 1A 31 2F 12
J 13 13 7 20002 10002 10002 10003 2 3 9 C 26 12 3F 36
J 13 13 7 20002 10002 10002 10003 2 3 9 C 26 12 3F 39
J 13 13 7 20002 10002 10002 10003 2 3 9 C 26 12 3F 3A
J 13 13 7 20002 10002 10002 10003 2 3 9 C 26 12 3F 3C
J 13 13 7 20002 10002 10002 10003 2 3 9 C 26 12 3F 3D
J 13 13 7 20002 10002 10002 10003 2 3 9 C 26 12 3F 3E
J 13 13 7 20002 10002 10002 10003 2 3 9 C 26 12 3F 41
J 13 13 7 20002 10002 10002 10003 2 3 9 C 26 12 40 4
J 13 13 7 20002 10002 10002 10003 2 3 9 C 26 12 40 7
J 13 13 7 20002 10002 10002 10003 2 3 9 C 26 12 40 E
J 13 13 8 20003 10003 10003 3 1 14 4 15 1A 31 2F 19
J 13 13 7 20002 10002 10002 10003 2 3 9 C 26 12 40 F
J 13 13 7 20002 10002 10002 10003 2 3 9 C 26 12 40 10
J 13 13 7 20002 10002 10002 10003 2 3 9 C 26 12 40 11
J 13 13 7 20002 10002 10002 10003 2 3 9 C 26 12 40 13
J 13 13 7 20002 10002 10002 10003 2 3 9 C 26 12 40 17
J 13 13 7 20002 10002 10002 10003 2 3 9 C 26 12 40 18
J 13 13 7 20002 10002 10002 10003 2 3 9 C 26 12 40 19
J 13 13 7 20002 10002 10002 10003 2 3 9 C 26 12 40 1A
J 13 13 7 20002 10002 10002 10003 2 3 9 C 26 12 40 1C
J 13 13 7 20002 10002 10002 10003 2 3 9 C 26 12 40 1D
J 13 13 8 20003 10003 10003 3 1 14 4 15 1A 31 2F 20
J 13 13 7 20002 10002 10002 10003 2 3 9 C 26 12 40 20
J 13 13 7 20002 10002 10002 10003 2 3 9 C 26 12 40 21
J 13 13 7 20002 10002 10002 10003 2 3 9 C 26 12 40 27
J 13 13 7 20002 10002 10002 10003 2 3 9 C 26 12 40 28
J 13 13 7 20002 10002 10002 10003 2 3 9 C 26 12 40 2B
J 13 13 7 20002 10002 10002 10003 2 3 9 C 26 12 40 2E
J 13 13 7 20002 10002 10002 10003 2 3 9 C 26 12 40 2F
J 13 13 7 20002 10002 10002 10003 2 3 9 C 26 12 40 30
J 13 13 7 20002 10002 10002 10003 2 3 9 C 26 12 40 31
J 13 13 7 20002 10002 10002 10003 2 3 9 C 26 12 40 32
J 13 13 8 20003 10003 10003 3 1 14 4 15 1A 31 2F 21
J 13 13 7 20002 10002 10002 10003 2 3 9 C 26 12 40 33
J 13 13 7 20002 10002 10002 10003 2 3 9 C 26 12 40 34
J 13 13 7 20002 10002 10002 10003 2 3 9 C 26 12 40 36
J 13 13 7 20002 10002 10002 10003 2 3 9 C 26 12 40 37
J 13 13 7 20002 10002 10002 10003 2 3 9 C 26 12 40 39
J 13 13 7 20002 10002 10002 10003 2 3 9 C 26 12 40 3A
J 13 13 7 20002 10002 10002 10003 2 3 9 C 26 12 40 3B
J 13 13 7 20002 10002 10002 10003 2 3 9 C 26 12 40 3C
J 13 13 7 20002 10002 10002 10003 2 3 9 C 26 12 40 3D
J 13 13 7 20002 10002 10002 10003 2 3 9 C 26 12 40 3E
J 13 13 8 20003 10003 10003 3 1 14 4 15 1A 31 2F 22
J 13 13 7 20002 10002 10002 10003 2 3 9 C 26 12 40 41
J 13 13 7 20002 10002 10002 10003 2 3 9 C 26 12 41 E
J 13 13 7 20002 10002 10002 10003 2 3 9 C 26 12 41 F
J 13 13 7 20002 10002 10002 10003 2 3 9 C 26 12 41 10
J 13 13 7 20002 10002 10002 10003 2 3 9 C 26 12 41 11
J 13 13 7 20002 10002 10002 10003 2 3 9 C 26 12 41 17
J 13 13 7 20002 10002 10002 10003 2 3 9 C 26 12 41 18
J 13 13 7 20002 10002 10002 10003 2 3 9 C 26 12 41 19
J 13 13 7 20002 10002 10002 10003 2 3 9 C 26 12 41 1A
J 13 13 7 20002 10002 10002 10003 2 3 9 C 26 12 41 1B
J 13 13 9 10002 10002 10004 2 4 1C 6 1E 2B 39 40 14
J 13 13 8 20003 10003 10003 3 1 14 4 15 1A 31 2F 23
J 13 13 7 20002 10002 10002 10003 2 3 9 C 26 12 41 29
J 13 13 7 20002 10002 10002 10003 2 3 9 C 26 12 41 2E
J 13 13 7 20002 10002 10002 10003 2 3 9 C 26 12 41 2F
J 13 13 7 20002 10002 10002 10003 2 3 9 C 26 12 41 31
J 13 13 7 20002 10002 10002 10003 2 3 9 C 26 12 41 32
J 13 13 7 20002 10002 10002 10003 2 3 9 C 26 12 41 33
J 13 13 7 20002 10002 10002 10003 2 3 9 C 26 12 41 34
J 13 13 7 20002 10002 10002 10003 2 3 9 C 26 12 41 35
J 13 13 7 20002 10002 10002 10003 2 3 9 C 26 12 41 36
J 13 13 7 20002 10002 10002 10003 2 3 9 C 26 12 41 37
J 13 13 8 20003 10003 10003 3 1 14 4 15 1A 31 2F 25
J 13 13 7 20002 10002 10002 10003 2 3 9 C 26 12 41 39
J 13 13 7 20002 10002 10002 10003 2 3 9 C 26 12 41 3A
J 13 13 7 20002 10002 10002 10003 2 3 9 C 26 12 41 3B
J 13 13 7 20002 10002 10002 10003 2 3 9 C 26 12 41 3C
J 13 13 7 20002 10002 10002 10003 2 3 9 C 26 12 41 3E
J 13 13 7 20002 10002 10002 10003 2 3 1A 1E 1F 2A 2F A
J 13 13 7 20002 10002 10002 10003 2 3 1A 1E 1F 2A 2F B
J 13 13 7 20002 10002 10002 10003 2 3 1A 1E 1F 2A 2F C
J 13 13 7 20002 10002 10002 10003 2 3 1A 1E 1F 2A 2F D
J 13 13 7 20002 10002 10002 10003 2 3 1A 1E 1F 2A 2F E
J 13 13 8 20003 10003 10003 3 1 14 4 15 1A 31 2F 28
J 13 13 7 20002 10002 10002 10003 2 3 1A 1E 1F 2A 2F F
J 13 13 7 20002 10002 10002 10003 2 3 1A 1E 1F 2A 2F 10
J 13 13 7 20002 10002 10002 10003 2 3 1A 1E 1F 2A 2F 11
J 13 13 7 20002 10002 10002 10003 2 3 1A 1E 1F 2A 2F 12
J 13 13 7 20002 10002 10002 10003 2 3 1A 1E 1F 2A 2F 15
J 13 13 7 20002 10002 10002 10003 2 3 1A 1E 1F 2A 2F 16
J 13 13 7 20002 10002 10002 10003 2 3 1A 1E 1F 2A 2F 17
J 13 13 7 20002 10002 10002 10003 2 3 1A 1E 1F 2A 2F 18
J 13 13 7 20002 10002 10002 10003 2 3 1A 1E 1F 2A 2F 1A
J 13 13 7 20002 10002 10002 10001 2 1 1C 16 18 33 34 4
J 13 13 8 20003 10003 10003 3 1 14 4 15 1A 31 2F 2E
J 13 13 7 20002 10002 10002 10001 2 1 1C 16 18 33 34 C
J 13 13 7 20002 10002 10002 10001 2 1 1C 16 18 33 34 D
J 13 13 7 20002 10002 10002 10001 2 1 1C 16 18 33 34 E
J 13 13 7 20002 10002 10002 10001 2 1 1C 16 18 33 34 10
J 13 13 7 20002 10002 10002 10001 2 1 1C 16 18 33 34 12
J 13 13 7 20002 10002 10002 10001 2 1 1C 16 18 33 34 13
J 13 13 7 20002 10002 10002 10001 2 1 1C 16 18 33 34 15
J 13 13 7 20002 10002 10002 10001 2 1 1C 16 18 33 34 16
J 13 13 7 20002 10002 10002 10001 2 1 1C 16 18 33 34 17
J 13 13 7 20002 10002 10002 10001 2 1 1C 16 18 33 34 1D
J 13 13 8 20003 10003 10003 3 1 14 4 15 1A 31 2F 32
J 13 13 7 20002 10002 10002 10001 2 1 1C 16 18 33 34 1E
J 13 13 7 20002 10002 10002 10001 2 1 1C 16 18 33 34 24
J 13 13 7 20002 10002 10002 10001 2 1 1C 16 18 33 34 25
J 13 13 7 20002 10002 10002 10001 2 1 1C 16 18 33 34 26
J 13 13 7 20002 10002 10002 10001 2 1 1C 16 18 33 34 28
J 13 13 7 20002 10002 10002 10001 2 1 1C 16 18 33 34 2A
J 13 13 7 20002 10002 10002 10001 2 1 1C 16 18 33 34 2B
J 13 13 7 20002 10002 10002 10001 2 1 1C 16 18 33 34 2D
J 13 13 7 20002 10002 10002 10001 2 1 1C 16 18 33 34 2E
J 13 13 7 20002 10002 10002 10001 2 1 1C 16 18 33 34 2F
J 13 13 8 20003 10003 10003 3 1 14 4 15 1A 31 2F 34
J 13 13 7 20002 10002 10002 10001 2 1 1C 16 18 33 34 31
J 13 13 7 20002 10002 10002 10001 2 1 1C 16 18 33 34 36
J 13 13 7 20002 10002 10002 10001 2 1 1C 16 18 33 34 37
J 13 13 7 20002 10002 10002 10001 2 1 1C 16 18 33 35 F
J 13 13 7 20002 10002 10002 10001 2 1 1C 16 18 33 35 21
J 13 13 7 20002 10002 10002 10001 2 1 1C 16 18 33 35 22
J 13 13 7 20002 10002 10002 10001 2 1 1C 16 18 33 35 25
J 13 13 7 20002 10002 10002 10001 2 1 1C 16 18 33 35 26
J 13 13 7 20002 10002 10002 10001 2 1 1C 16 18 33 35 28
J 13 13 7 20002 10002 10002 10001 2 1 1C 16 18 33 35 29
J 13 13 8 20003 10003 10003 3 1 14 4 15 1A 31 2F 35
J 13 13 7 20002 10002 10002 10001 2 1 1C 16 18 33 35 2D
J 13 13 7 20002 10002 10002 10001 2 1 1C 16 18 33 35 2E
J 13 13 7 20002 10002 10002 10001 2 1 1C 16 18 33 36 10
J 13 13 7 20002 10002 10002 10001 2 1 1C 16 18 33 36 12
J 13 13 7 20002 10002 10002 10001 2 1 1C 16 18 33 36 15
J 13 13 7 20002 10002 10002 10001 2 1 1C 16 18 33 36 16
J 13 13 7 20002 10002 10002 10001 2 1 1C 16 18 33 36 1D
J 13 13 7 20002 10002 10002 10001 2 1 1C 16 18 33 36 1E
J 13 13 7 20002 10002 10002 10001 2 1 1C 16 18 33 36 25
J 13 13 7 20002 10002 10002 10001 2 1 1C 16 18 33 36 26
J 13 13 8 20003 10003 10003 3 1 14 4 15 1A 31 2F 37
J 13 13 7 20002 10002 10002 10001 2 1 1C 16 18 33 36 28
J 13 13 7 20002 10002 10002 10001 2 1 1C 16 18 33 36 2A
J 13 13 7 20002 10002 10002 10001 2 1 1C 16 18 33 36 2B
J 13 13 7 20002 10002 10002 10001 2 1 1C 16 18 33 36 2D
J 13 13 7 20002 10002 10002 10001 2 1 1C 16 18 33 36 2F
J 13 13 7 20002 10002 10002 10001 2 1 1C 16 18 33 36 31
J 13 13 7 20002 10002 10002 10001 2 1 1C 16 18 33 37 4
J 13 13 7 20002 10002 10002 10001 2 1 1C 16 18 33 37 C
J 13 13 7 20002 10002 10002 10001 2 1 1C 16 18 33 37 D
J 13 13 7 20002 10002 10002 10001 2 1 1C 16 18 33 37 10
J 13 13 8 20003 10003 10003 3 1 14 4 15 1A 31 2F 38
J 13 13 7 20002 10002 10002 10001 2 1 1C 16 18 33 37 12
J 13 13 7 20002 10002 10002 10001 2 1 1C 16 18 33 37 15
J 13 13 7 20002 10002 10002 10001 2 1 1C 16 18 33 37 16
J 13 13 7 20002 10002 10002 10001 2 1 1C 16 18 33 37 17
J 13 13 7 20002 10002 10002 10001 2 1 1C 16 18 33 37 1D
J 13 13 7 20002 10002 10002 10001 2 1 1C 16 18 33 37 24
J 13 13 7 20002 10002 10002 10001 2 1 1C 16 18 33 37 25
J 13 13 7 20002 10002 10002 10001 2 1 1C 16 18 33 37 26
J 13 13 7 20002 10002 10002 10001 2 1 1C 16 18 33 37 27
J 13 13 7 20002 10002 10002 10001 2 1 1C 16 18 33 37 28
J 13 13 8 20003 10003 10003 3 1 14 4 15 1A 31 2F 3D
J 13 13 7 20002 10002 10002 10001 2 1 1C 16 18 33 37 2A
J 13 13 7 20002 10002 10002 10001 2 1 1C 16 18 33 37 2B
J 13 13 7 20002 10002 10002 10001 2 1 1C 16 18 33 37 2C
J 13 13 7 20002 10002 10002 10001 2 1 1C 16 18 33 37 2D
J 13 13 7 20002 10002 10002 10001 2 1 1C 16 18 33 37 2E
J 13 13 7 20002 10002 10002 10001 2 1 1C 16 18 33 37 2F
J 13 13 7 20002 10002 10002 10001 2 1 1C 16 18 33 37 30
J 13 13 7 20002 10002 10002 10001 2 1 1C 16 18 33 37 31
J 13 13 7 20002 10002 10002 10001 2 1 1C 16 18 33 37 36
J 13 13 7 20002 20002 10002 2 3 8 B 7 29 11 3E 4
